v  587.00   504.00   236.00      
v  572.00   618.00   766.00      
v  246.00   681.00   750.00      
v  832.00   860.00   762.00      
v  681.00   820.00   205.00      
v  615.00   221.00   900.00      
v  973.00   625.00   693.00      
v  452.00   227.00   795.00      
v  188.00   375.00   920.00      
v  790.00   924.00   435.00      
v  119.00   793.00   3.00      
v  532.00   856.00   841.00      
v  607.00   974.00   781.00      
v  903.00   732.00   164.00      
v  801.00   944.00   704.00      
v  473.00   107.00   110.00      
v  671.00   382.00   298.00      
v  905.00   547.00   744.00      
v  954.00   138.00   27.00      
v  878.00   78.00   643.00      
v  950.00   87.00   959.00      
v  684.00   448.00   476.00      
v  222.00   263.00   812.00      
v  759.00   109.00   311.00      
v  483.00   868.00   496.00      
v  274.00   32.00   156.00      
v  60.00   888.00   658.00      
v  123.00   242.00   289.00      
v  108.00   31.00   276.00      
v  742.00   381.00   638.00      
v  182.00   729.00   226.00      
v  818.00   287.00   957.00      
v  397.00   712.00   99.00      
v  448.00   768.00   495.00      
v  575.00   79.00   608.00      
v  505.00   201.00   170.00      
v  823.00   481.00   77.00      
v  85.00   474.00   314.00      
v  699.00   686.00   503.00      
v  565.00   302.00   104.00      
v  183.00   507.00   173.00      
v  563.00   56.00   36.00      
v  748.00   222.00   766.00      
v  543.00   161.00   7.00      
v  421.00   498.00   666.00      
v  335.00   222.00   706.00      
v  181.00   660.00   399.00      
v  165.00   350.00   137.00      
v  82.00   470.00   995.00      
v  112.00   333.00   281.00      
v  393.00   782.00   414.00      
v  595.00   374.00   931.00      
v  887.00   790.00   977.00      
v  274.00   97.00   890.00      
v  730.00   18.00   718.00      
v  943.00   337.00   287.00      
v  252.00   93.00   522.00      
v  461.00   980.00   27.00      
v  954.00   760.00   520.00      
v  257.00   349.00   255.00      
v  354.00   376.00   110.00      
v  785.00   439.00   712.00      
v  813.00   382.00   241.00      
v  200.00   775.00   305.00      
v  827.00   77.00   974.00      
v  794.00   99.00   426.00      
v  950.00   64.00   875.00      
v  335.00   154.00   460.00      
v  12.00   711.00   304.00      
v  560.00   574.00   577.00      
v  111.00   410.00   656.00      
v  388.00   507.00   942.00      
v  456.00   638.00   987.00      
v  271.00   303.00   949.00      
v  768.00   379.00   634.00      
v  594.00   233.00   879.00      
v  589.00   418.00   412.00      
v  588.00   610.00   804.00      
v  662.00   558.00   781.00      
v  489.00   764.00   607.00      
v  539.00   6.00   84.00      
v  394.00   255.00   122.00      
v  645.00   801.00   606.00      
v  670.00   872.00   110.00      
v  17.00   214.00   496.00      
v  757.00   606.00   751.00      
v  399.00   528.00   691.00      
v  378.00   83.00   935.00      
v  14.00   786.00   441.00      
v  824.00   917.00   840.00      
v  940.00   657.00   773.00      
v  161.00   203.00   739.00      
v  442.00   423.00   512.00      
v  595.00   216.00   465.00      
v  437.00   188.00   253.00      
v  399.00   719.00   225.00      
v  568.00   753.00   136.00      
v  3.00   587.00   551.00      
v  179.00   621.00   327.00      
v  809.00   362.00   811.00      
v  803.00   639.00   174.00      
v  96.00   202.00   162.00      
v  929.00   351.00   783.00      
v  345.00   76.00   729.00      
v  810.00   205.00   830.00      
v  541.00   517.00   133.00      
v  32.00   352.00   247.00      
v  577.00   153.00   77.00      
v  664.00   455.00   967.00      
v  565.00   576.00   201.00      
v  471.00   363.00   166.00      
v  981.00   567.00   146.00      
v  996.00   254.00   338.00      
v  945.00   293.00   914.00      
v  340.00   442.00   696.00      
v  987.00   699.00   877.00      
v  7.00   441.00   534.00      
v  502.00   893.00   100.00      
v  209.00   741.00   673.00      
v  415.00   597.00   100.00      
v  695.00   394.00   621.00      
v  717.00   590.00   127.00      
v  890.00   547.00   974.00      
v  773.00   592.00   620.00      
v  780.00   929.00   302.00      
v  654.00   685.00   609.00      
v  893.00   31.00   617.00      
v  587.00   108.00   100.00      
v  958.00   362.00   715.00      
v  496.00   720.00   771.00      
v  602.00   20.00   141.00      
v  786.00   611.00   900.00      
v  805.00   781.00   954.00      
v  364.00   320.00   576.00      
v  817.00   902.00   609.00      
v  933.00   767.00   13.00      
v  548.00   11.00   169.00      
v  411.00   402.00   713.00      
v  760.00   124.00   349.00      
v  30.00   498.00   977.00      
v  382.00   276.00   967.00      
v  32.00   271.00   998.00      
v  884.00   535.00   716.00      
v  336.00   49.00   762.00      
v  495.00   675.00   388.00      
v  88.00   304.00   433.00      
v  611.00   249.00   845.00      
v  521.00   751.00   265.00      
v  579.00   967.00   984.00      
v  408.00   497.00   60.00      
v  96.00   437.00   226.00      
v  27.00   429.00   23.00      
v  5.00   595.00   330.00      
v  142.00   642.00   660.00      
v  922.00   748.00   499.00      
v  165.00   195.00   288.00      
v  76.00   408.00   909.00      
v  894.00   51.00   764.00      
v  191.00   508.00   594.00      
v  405.00   27.00   226.00      
v  297.00   593.00   985.00      
v  861.00   886.00   986.00      
v  700.00   358.00   49.00      
v  496.00   469.00   332.00      
v  619.00   118.00   80.00      
v  578.00   336.00   658.00      
v  665.00   77.00   483.00      
v  80.00   694.00   601.00      
v  756.00   296.00   626.00      
v  736.00   559.00   633.00      
v  538.00   249.00   428.00      
v  386.00   985.00   639.00      
v  156.00   570.00   796.00      
v  711.00   812.00   134.00      
v  191.00   532.00   909.00      
v  177.00   448.00   517.00      
v  751.00   511.00   745.00      
v  28.00   186.00   730.00      
v  189.00   228.00   477.00      
v  742.00   361.00   439.00      
v  381.00   893.00   800.00      
v  406.00   269.00   135.00      
v  440.00   790.00   240.00      
v  273.00   174.00   769.00      
v  965.00   559.00   309.00      
v  620.00   777.00   553.00      
v  623.00   736.00   941.00      
v  785.00   143.00   307.00      
v  903.00   261.00   161.00      
v  674.00   254.00   943.00      
v  493.00   444.00   655.00      
v  508.00   882.00   256.00      
v  801.00   3.00   878.00      
v  837.00   434.00   129.00      
v  750.00   833.00   509.00      
v  542.00   454.00   843.00      
v  658.00   66.00   775.00      
v  446.00   97.00   863.00      
v  209.00   342.00   370.00      
v  106.00   255.00   313.00      
v  215.00   224.00   687.00      
v  688.00   844.00   641.00      
v  683.00   40.00   786.00      
v  860.00   770.00   822.00      
v  894.00   349.00   709.00      
v  260.00   836.00   966.00      
v  890.00   394.00   311.00      
v  341.00   791.00   323.00      
v  340.00   310.00   400.00      
v  856.00   672.00   536.00      
v  365.00   731.00   918.00      
v  297.00   908.00   510.00      
v  153.00   91.00   878.00      
v  910.00   94.00   105.00      
v  673.00   245.00   139.00      
v  336.00   354.00   669.00      
v  102.00   431.00   410.00      
v  506.00   804.00   54.00      
v  933.00   569.00   772.00      
v  762.00   563.00   513.00      
v  932.00   815.00   314.00      
v  123.00   85.00   731.00      
v  262.00   907.00   172.00      
v  946.00   903.00   794.00      
v  209.00   743.00   917.00      
v  362.00   175.00   704.00      
v  379.00   900.00   907.00      
v  892.00   641.00   533.00      
v  88.00   268.00   855.00      
v  82.00   118.00   841.00      
v  798.00   459.00   870.00      
v  854.00   618.00   224.00      
v  961.00   414.00   846.00      
v  542.00   177.00   465.00      
v  723.00   554.00   157.00      
v  828.00   768.00   791.00      
v  228.00   181.00   139.00      
v  504.00   129.00   580.00      
v  839.00   265.00   709.00      
v  25.00   159.00   495.00      
v  40.00   63.00   918.00      
v  483.00   261.00   153.00      
v  299.00   627.00   922.00      
v  61.00   808.00   314.00      
v  761.00   231.00   916.00      
v  77.00   496.00   91.00      
v  969.00   310.00   796.00      
v  568.00   932.00   456.00      
v  749.00   982.00   965.00      
v  864.00   275.00   805.00      
v  381.00   415.00   873.00      
v  860.00   831.00   625.00      
v  954.00   23.00   341.00      
v  782.00   837.00   644.00      
v  836.00   542.00   28.00      
v  41.00   885.00   610.00      
v  780.00   370.00   320.00      
v  28.00   425.00   728.00      
v  574.00   435.00   333.00      
v  947.00   852.00   799.00      
v  991.00   46.00   193.00      
v  648.00   444.00   790.00      
v  275.00   239.00   768.00      
v  406.00   197.00   804.00      
v  380.00   891.00   520.00      
v  586.00   141.00   336.00      
v  187.00   158.00   67.00      
v  569.00   310.00   87.00      
v  811.00   481.00   647.00      
v  641.00   57.00   340.00      
v  454.00   933.00   322.00      
v  304.00   779.00   9.00      
v  753.00   902.00   660.00      
v  564.00   754.00   159.00      
v  823.00   354.00   366.00      
v  580.00   677.00   217.00      
v  354.00   393.00   193.00      
v  515.00   379.00   199.00      
v  444.00   556.00   224.00      
v  437.00   456.00   997.00      
v  586.00   669.00   541.00      
v  647.00   637.00   166.00      
v  823.00   872.00   690.00      
v  999.00   457.00   485.00      
v  907.00   325.00   181.00      
v  471.00   829.00   407.00      
v  437.00   506.00   181.00      
v  667.00   160.00   297.00      
v  616.00   847.00   100.00      
v  274.00   878.00   200.00      
v  342.00   40.00   298.00      
v  629.00   929.00   42.00      
v  473.00   778.00   279.00      
v  866.00   688.00   806.00      
v  232.00   922.00   891.00      
v  692.00   63.00   621.00      
v  497.00   922.00   635.00      
v  583.00   629.00   765.00      
v  725.00   292.00   142.00      
v  191.00   397.00   289.00      
v  982.00   437.00   614.00      
v  521.00   673.00   139.00      
v  420.00   638.00   608.00      
v  50.00   823.00   767.00      
v  574.00   408.00   683.00      
v  883.00   974.00   246.00      
v  189.00   361.00   224.00      
v  665.00   523.00   67.00      
v  429.00   627.00   743.00      
v  668.00   626.00   981.00      
v  191.00   303.00   790.00      
v  635.00   310.00   94.00      
v  657.00   784.00   811.00      
v  402.00   780.00   104.00      
v  915.00   364.00   164.00      
v  25.00   263.00   730.00      
v  585.00   366.00   554.00      
v  215.00   645.00   191.00      
v  866.00   636.00   1.000.00      
v  958.00   938.00   593.00      
v  313.00   628.00   486.00      
v  923.00   639.00   409.00      
v  462.00   298.00   603.00      
v  623.00   968.00   615.00      
v  918.00   780.00   53.00      
v  573.00   668.00   474.00      
v  965.00   280.00   31.00      
v  742.00   919.00   299.00      
v  753.00   151.00   202.00      
v  94.00   882.00   918.00      
v  47.00   649.00   271.00      
v  998.00   475.00   810.00      
v  222.00   386.00   113.00      
v  907.00   726.00   865.00      
v  141.00   387.00   432.00      
v  695.00   441.00   636.00      
v  661.00   877.00   186.00      
v  345.00   221.00   739.00      
v  158.00   755.00   730.00      
v  646.00   420.00   256.00      
v  295.00   102.00   151.00      
v  709.00   220.00   694.00      
v  976.00   37.00   790.00      
v  828.00   265.00   911.00      
v  283.00   396.00   323.00      
v  121.00   433.00   360.00      
v  957.00   449.00   28.00      
v  316.00   52.00   446.00      
v  368.00   346.00   949.00      
v  198.00   914.00   68.00      
v  542.00   818.00   298.00      
v  598.00   558.00   263.00      
v  406.00   792.00   591.00      
v  328.00   700.00   150.00      
v  61.00   17.00   398.00      
v  641.00   443.00   80.00      
v  342.00   896.00   365.00      
v  999.00   432.00   494.00      
v  471.00   301.00   647.00      
v  616.00   627.00   660.00      
v  925.00   983.00   405.00      
v  247.00   855.00   134.00      
v  629.00   489.00   821.00      
v  866.00   16.00   370.00      
v  698.00   535.00   168.00      
v  853.00   1.000.00   479.00      
v  611.00   126.00   131.00      
v  585.00   762.00   738.00      
v  180.00   723.00   979.00      
v  938.00   472.00   285.00      
v  557.00   678.00   23.00      
v  698.00   730.00   960.00      
v  65.00   70.00   377.00      
v  822.00   204.00   318.00      
v  866.00   471.00   946.00      
v  341.00   855.00   751.00      
v  194.00   355.00   40.00      
v  868.00   212.00   15.00      
v  519.00   831.00   964.00      
v  39.00   147.00   32.00      
v  824.00   624.00   167.00      
v  267.00   482.00   790.00      
v  944.00   731.00   260.00      
v  508.00   541.00   309.00      
v  515.00   438.00   710.00      
v  326.00   152.00   135.00      
v  971.00   251.00   86.00      
v  615.00   216.00   952.00      
v  176.00   861.00   219.00      
v  792.00   849.00   191.00      
v  858.00   892.00   434.00      
v  964.00   223.00   289.00      
v  307.00   825.00   969.00      
v  147.00   559.00   524.00      
v  7.00   86.00   421.00      
v  41.00   375.00   294.00      
v  251.00   819.00   655.00      
v  387.00   274.00   881.00      
v  82.00   917.00   24.00      
v  937.00   1.00   295.00      
v  936.00   599.00   650.00      
v  80.00   921.00   770.00      
v  80.00   737.00   88.00      
v  63.00   540.00   482.00      
v  62.00   507.00   545.00      
v  20.00   680.00   728.00      
v  792.00   564.00   429.00      
v  42.00   762.00   538.00      
v  992.00   932.00   646.00      
v  286.00   776.00   629.00      
v  742.00   856.00   440.00      
v  491.00   196.00   379.00      
v  847.00   334.00   488.00      
v  1.00   377.00   996.00      
v  283.00   786.00   313.00      
v  183.00   883.00   121.00      
v  81.00   859.00   397.00      
v  218.00   119.00   740.00      
v  29.00   874.00   615.00      
v  746.00   448.00   401.00      
v  265.00   908.00   129.00      
v  867.00   435.00   821.00      
v  575.00   517.00   139.00      
v  171.00   673.00   984.00      
v  745.00   13.00   120.00      
v  387.00   557.00   690.00      
v  525.00   170.00   940.00      
v  3.00   657.00   152.00      
v  79.00   283.00   927.00      
v  423.00   201.00   901.00      
v  881.00   242.00   347.00      
v  797.00   13.00   188.00      
v  840.00   232.00   791.00      
v  606.00   186.00   257.00      
v  556.00   871.00   433.00      
v  517.00   770.00   52.00      
v  124.00   440.00   946.00      
v  673.00   235.00   898.00      
v  197.00   331.00   363.00      
v  462.00   99.00   959.00      
v  963.00   308.00   992.00      
v  656.00   241.00   44.00      
v  590.00   268.00   886.00      
v  226.00   376.00   641.00      
v  395.00   551.00   719.00      
v  993.00   525.00   172.00      
v  527.00   638.00   995.00      
v  427.00   621.00   876.00      
v  906.00   333.00   164.00      
v  856.00   719.00   686.00      
v  19.00   336.00   61.00      
v  929.00   699.00   424.00      
v  662.00   189.00   856.00      
v  573.00   578.00   777.00      
v  245.00   471.00   190.00      
v  640.00   571.00   335.00      
v  221.00   399.00   381.00      
v  586.00   310.00   836.00      
v  951.00   26.00   951.00      
v  762.00   968.00   669.00      
v  218.00   37.00   874.00      
v  705.00   325.00   258.00      
v  818.00   403.00   647.00      
v  856.00   160.00   238.00      
v  817.00   981.00   638.00      
v  116.00   865.00   50.00      
v  59.00   588.00   366.00      
v  85.00   416.00   973.00      
v  844.00   430.00   522.00      
v  373.00   607.00   982.00      
v  564.00   915.00   377.00      
v  904.00   960.00   420.00      
v  129.00   884.00   252.00      
v  377.00   191.00   268.00      
v  721.00   468.00   490.00      
v  47.00   603.00   468.00      
v  360.00   595.00   493.00      
v  556.00   923.00   829.00      
v  114.00   320.00   108.00      
v  558.00   319.00   277.00      
v  538.00   243.00   619.00      
v  122.00   692.00   367.00      
v  60.00   292.00   56.00      
v  302.00   365.00   816.00      
v  652.00   225.00   150.00      
v  152.00   874.00   850.00      
v  408.00   45.00   352.00      
v  239.00   979.00   382.00      
v  203.00   347.00   495.00      
v  92.00   61.00   302.00      
v  342.00   433.00   27.00      
v  179.00   924.00   937.00      
v  201.00   778.00   376.00      
v  525.00   897.00   410.00      
v  624.00   911.00   575.00      
v  998.00   755.00   463.00      
v  416.00   155.00   244.00      
v  25.00   117.00   869.00      
v  479.00   973.00   984.00      
v  514.00   527.00   225.00      
v  613.00   10.00   931.00      
v  407.00   295.00   750.00      
v  459.00   705.00   825.00      
v  769.00   961.00   166.00      
v  103.00   277.00   417.00      
v  339.00   495.00   78.00      
v  384.00   522.00   198.00      
v  577.00   750.00   301.00      
v  999.00   831.00   623.00      
v  215.00   71.00   411.00      
v  979.00   175.00   209.00      
v  664.00   831.00   83.00      
v  79.00   746.00   383.00      
v  179.00   98.00   430.00      
v  424.00   422.00   773.00      
v  439.00   968.00   447.00      
v  406.00   663.00   831.00      
v  143.00   399.00   989.00      
v  640.00   828.00   267.00      
v  543.00   467.00   455.00      
v  610.00   921.00   335.00      
v  398.00   949.00   613.00      
v  922.00   997.00   459.00      
v  257.00   821.00   684.00      
v  268.00   61.00   969.00      
v  486.00   460.00   82.00      
v  158.00   312.00   849.00      
v  627.00   709.00   170.00      
v  655.00   22.00   554.00      
v  639.00   760.00   61.00      
v  362.00   312.00   534.00      
v  660.00   108.00   609.00      
v  938.00   780.00   555.00      
v  86.00   536.00   592.00      
v  569.00   977.00   671.00      
v  323.00   273.00   901.00      
v  73.00   741.00   737.00      
v  942.00   843.00   252.00      
v  879.00   286.00   341.00      
v  397.00   905.00   590.00      
v  709.00   638.00   12.00      
v  272.00   407.00   20.00      
v  113.00   882.00   57.00      
v  798.00   84.00   10.00      
v  684.00   465.00   707.00      
v  945.00   143.00   308.00      
v  392.00   31.00   100.00      
v  404.00   374.00   347.00      
v  901.00   153.00   146.00      
v  416.00   884.00   918.00      
v  711.00   528.00   409.00      
v  904.00   880.00   192.00      
v  828.00   331.00   212.00      
v  577.00   688.00   938.00      
v  900.00   412.00   727.00      
v  92.00   808.00   367.00      
v  106.00   649.00   419.00      
v  523.00   406.00   431.00      
v  521.00   649.00   406.00      
v  163.00   849.00   253.00      
v  800.00   537.00   717.00      
v  594.00   281.00   206.00      
v  735.00   372.00   900.00      
v  579.00   150.00   195.00      
v  151.00   386.00   18.00      
v  978.00   964.00   241.00      
v  171.00   902.00   122.00      
v  454.00   583.00   134.00      
v  986.00   384.00   345.00      
v  392.00   25.00   604.00      
v  175.00   136.00   268.00      
v  643.00   732.00   791.00      
v  554.00   226.00   936.00      
v  20.00   523.00   632.00      
v  415.00   916.00   176.00      
v  224.00   264.00   198.00      
v  239.00   202.00   581.00      
v  213.00   852.00   659.00      
v  81.00   117.00   910.00      
v  916.00   920.00   293.00      
v  131.00   144.00   294.00      
v  429.00   958.00   847.00      
v  121.00   762.00   974.00      
v  941.00   696.00   520.00      
v  505.00   338.00   666.00      
v  686.00   871.00   568.00      
v  350.00   548.00   152.00      
v  242.00   294.00   562.00      
v  85.00   675.00   259.00      
v  4.00   9.00   368.00      
v  335.00   700.00   900.00      
v  305.00   748.00   170.00      
v  421.00   91.00   317.00      
v  505.00   276.00   672.00      
v  879.00   864.00   468.00      
v  183.00   358.00   311.00      
v  564.00   619.00   68.00      
v  1.00   411.00   311.00      
v  566.00   989.00   134.00      
v  410.00   32.00   6.00      
v  746.00   716.00   132.00      
v  144.00   263.00   924.00      
v  807.00   207.00   474.00      
v  684.00   635.00   651.00      
v  443.00   191.00   542.00      
v  655.00   131.00   390.00      
v  783.00   868.00   586.00      
v  363.00   524.00   960.00      
v  896.00   517.00   648.00      
v  819.00   855.00   600.00      
v  478.00   79.00   386.00      
v  213.00   257.00   284.00      
v  542.00   56.00   71.00      
v  186.00   272.00   519.00      
v  160.00   544.00   974.00      
v  245.00   277.00   630.00      
v  183.00   53.00   461.00      
v  876.00   242.00   151.00      
v  258.00   545.00   919.00      
v  630.00   151.00   936.00      
v  491.00   684.00   94.00      
v  370.00   922.00   387.00      
v  361.00   32.00   743.00      
v  594.00   483.00   139.00      
v  90.00   801.00   223.00      
v  946.00   652.00   468.00      
v  572.00   810.00   43.00      
v  223.00   355.00   672.00      
v  876.00   614.00   1.00      
v  221.00   364.00   439.00      
v  207.00   186.00   516.00      
v  276.00   665.00   668.00      
v  357.00   495.00   321.00      
v  956.00   744.00   876.00      
v  99.00   529.00   91.00      
v  385.00   488.00   104.00      
v  138.00   538.00   369.00      
v  751.00   206.00   808.00      
v  415.00   102.00   362.00      
v  41.00   177.00   2.00      
v  183.00   182.00   175.00      
v  272.00   424.00   198.00      
v  873.00   453.00   821.00      
v  894.00   52.00   548.00      
v  788.00   263.00   776.00      
v  751.00   497.00   289.00      
v  71.00   270.00   190.00      
v  109.00   159.00   110.00      
v  397.00   780.00   895.00      
v  700.00   885.00   220.00      
v  243.00   533.00   19.00      
v  46.00   593.00   10.00      
v  477.00   341.00   73.00      
v  342.00   716.00   86.00      
v  433.00   658.00   597.00      
v  720.00   3.00   783.00      
v  651.00   509.00   224.00      
v  153.00   388.00   477.00      
v  117.00   30.00   860.00      
v  166.00   717.00   84.00      
v  113.00   853.00   453.00      
v  221.00   140.00   672.00      
v  768.00   516.00   387.00      
v  720.00   505.00   362.00      
v  921.00   152.00   668.00      
v  38.00   602.00   583.00      
v  151.00   131.00   903.00      
v  419.00   462.00   616.00      
v  454.00   882.00   786.00      
v  400.00   374.00   180.00      
v  289.00   971.00   566.00      
v  628.00   569.00   788.00      
v  819.00   704.00   33.00      
v  347.00   837.00   432.00      
v  250.00   884.00   40.00      
v  503.00   921.00   739.00      
v  547.00   198.00   781.00      
v  175.00   995.00   833.00      
v  772.00   427.00   316.00      
v  56.00   900.00   216.00      
v  635.00   600.00   119.00      
v  296.00   447.00   881.00      
v  175.00   284.00   601.00      
v  172.00   910.00   757.00      
v  703.00   168.00   649.00      
v  496.00   427.00   688.00      
v  259.00   329.00   181.00      
v  62.00   501.00   292.00      
v  600.00   368.00   373.00      
v  700.00   288.00   489.00      
v  654.00   774.00   904.00      
v  288.00   461.00   27.00      
v  169.00   675.00   422.00      
v  920.00   732.00   951.00      
v  465.00   54.00   877.00      
v  543.00   142.00   156.00      
v  614.00   874.00   911.00      
v  780.00   659.00   777.00      
v  975.00   749.00   141.00      
v  987.00   364.00   462.00      
v  386.00   714.00   827.00      
v  907.00   831.00   840.00      
v  244.00   393.00   798.00      
v  386.00   673.00   197.00      
v  622.00   289.00   681.00      
v  376.00   97.00   319.00      
v  86.00   650.00   857.00      
v  67.00   668.00   146.00      
v  987.00   769.00   109.00      
v  949.00   51.00   587.00      
v  372.00   780.00   631.00      
v  72.00   38.00   365.00      
v  677.00   189.00   815.00      
v  511.00   704.00   714.00      
v  886.00   308.00   544.00      
v  6.00   903.00   89.00      
v  745.00   521.00   417.00      
v  922.00   755.00   480.00      
v  651.00   607.00   228.00      
v  348.00   552.00   369.00      
v  933.00   564.00   100.00      
v  466.00   457.00   957.00      
v  620.00   402.00   640.00      
v  714.00   972.00   847.00      
v  34.00   840.00   978.00      
v  741.00   724.00   855.00      
v  538.00   870.00   351.00      
v  245.00   233.00   407.00      
v  915.00   330.00   700.00      
v  957.00   35.00   643.00      
v  351.00   719.00   58.00      
v  546.00   855.00   922.00      
v  606.00   891.00   595.00      
v  619.00   818.00   511.00      
v  45.00   545.00   940.00      
v  617.00   95.00   403.00      
v  491.00   820.00   798.00      
v  747.00   902.00   792.00      
v  564.00   749.00   842.00      
v  97.00   115.00   795.00      
v  661.00   269.00   357.00      
v  640.00   237.00   544.00      
v  847.00   968.00   262.00      
v  70.00   693.00   384.00      
v  859.00   87.00   923.00      
v  535.00   867.00   968.00      
v  494.00   709.00   486.00      
v  387.00   946.00   470.00      
v  65.00   322.00   119.00      
v  964.00   20.00   292.00      
v  980.00   802.00   193.00      
v  227.00   925.00   355.00      
v  490.00   580.00   25.00      
v  496.00   159.00   630.00      
v  103.00   47.00   450.00      
v  245.00   900.00   141.00      
v  230.00   67.00   503.00      
v  632.00   830.00   889.00      
v  583.00   879.00   770.00      
v  636.00   566.00   320.00      
v  599.00   627.00   339.00      
v  995.00   298.00   949.00      
v  778.00   42.00   494.00      
v  678.00   565.00   763.00      
v  716.00   463.00   58.00      
v  807.00   552.00   472.00      
v  926.00   251.00   457.00      
v  244.00   541.00   966.00      
v  699.00   154.00   611.00      
v  325.00   88.00   47.00      
v  675.00   945.00   133.00      
v  634.00   345.00   990.00      
v  937.00   559.00   171.00      
v  592.00   180.00   502.00      
v  76.00   657.00   912.00      
v  593.00   102.00   713.00      
v  678.00   389.00   740.00      
v  500.00   442.00   910.00      
v  548.00   660.00   507.00      
v  359.00   747.00   612.00      
v  54.00   127.00   529.00      
v  652.00   390.00   784.00      
v  920.00   664.00   458.00      
v  355.00   636.00   37.00      
v  685.00   420.00   309.00      
v  598.00   909.00   969.00      
v  721.00   64.00   404.00      
v  235.00   680.00   787.00      
v  14.00   142.00   787.00      
v  829.00   264.00   792.00      
v  205.00   969.00   388.00      
v  785.00   287.00   226.00      
v  372.00   298.00   714.00      
v  903.00   758.00   392.00      
v  9.00   460.00   392.00      
v  692.00   445.00   159.00      
v  385.00   696.00   838.00      
v  883.00   157.00   753.00      
v  405.00   11.00   421.00      
v  965.00   59.00   927.00      
v  954.00   638.00   106.00      
v  224.00   776.00   654.00      
v  217.00   713.00   565.00      
v  269.00   772.00   476.00      
v  556.00   822.00   779.00      
v  204.00   296.00   654.00      
v  549.00   196.00   429.00      
v  425.00   996.00   31.00      
v  469.00   6.00   76.00      
v  256.00   839.00   998.00      
v  643.00   340.00   20.00      
v  619.00   965.00   732.00      
v  928.00   788.00   934.00      
v  166.00   411.00   705.00      
v  197.00   173.00   430.00      
v  970.00   621.00   887.00      
v  209.00   484.00   22.00      
v  990.00   614.00   900.00      
v  625.00   919.00   671.00      
v  430.00   10.00   1.000.00      
v  709.00   256.00   729.00      
v  657.00   227.00   595.00      
v  714.00   786.00   996.00      
v  166.00   993.00   469.00      
v  642.00   190.00   982.00      
v  127.00   946.00   464.00      
v  428.00   316.00   456.00      
v  762.00   97.00   17.00      
v  2.00   725.00   148.00      
v  987.00   558.00   574.00      
v  419.00   286.00   196.00      
v  257.00   930.00   310.00      
v  831.00   772.00   545.00      
v  291.00   556.00   984.00      
v  279.00   799.00   108.00      
v  650.00   899.00   324.00      
v  423.00   912.00   320.00      
v  150.00   453.00   294.00      
v  568.00   305.00   111.00      
v  228.00   438.00   977.00      
v  232.00   509.00   975.00      
v  796.00   827.00   468.00      
v  296.00   742.00   411.00      
v  57.00   94.00   977.00      
v  74.00   725.00   478.00      
v  205.00   936.00   28.00      
v  520.00   991.00   867.00      
v  202.00   355.00   60.00      
v  865.00   106.00   938.00      
v  222.00   47.00   304.00      
v  345.00   707.00   307.00      
v  305.00   64.00   815.00      
v  932.00   923.00   871.00      
v  695.00   591.00   709.00      
v  466.00   470.00   54.00      
v  767.00   266.00   124.00      
v  415.00   407.00   570.00      
v  407.00   680.00   772.00      
v  123.00   13.00   644.00      
v  424.00   141.00   36.00      
v  129.00   735.00   641.00      
v  453.00   824.00   632.00      
v  750.00   521.00   689.00      
v  354.00   945.00   66.00      
v  188.00   376.00   75.00      
v  766.00   246.00   657.00      
v  846.00   714.00   656.00      
v  88.00   275.00   890.00      
v  91.00   962.00   755.00      
v  604.00   923.00   198.00      
v  412.00   156.00   84.00      
v  564.00   246.00   408.00      
v  480.00   817.00   235.00      
v  744.00   670.00   592.00      
v  333.00   90.00   424.00      
v  2.00   559.00   493.00      
v  552.00   299.00   262.00      
v  277.00   356.00   30.00      
v  490.00   882.00   165.00      
v  744.00   794.00   654.00      
v  427.00   351.00   335.00      
v  575.00   921.00   603.00      
v  390.00   525.00   87.00      
v  808.00   225.00   255.00      
v  699.00   320.00   240.00      
v  425.00   293.00   558.00      
v  849.00   297.00   536.00      
v  154.00   376.00   139.00      
v  115.00   466.00   145.00      
v  115.00   710.00   404.00      
v  753.00   427.00   252.00      
v  546.00   348.00   18.00      
v  74.00   787.00   457.00      
v  365.00   49.00   528.00      
v  148.00   454.00   701.00      
v  175.00   241.00   433.00      
v  276.00   819.00   706.00      
v  466.00   489.00   290.00      
v  406.00   860.00   41.00      
v  303.00   633.00   403.00      
v  41.00   653.00   713.00      
v  218.00   39.00   880.00      
v  530.00   133.00   8.00      
v  913.00   569.00   36.00      
v  747.00   781.00   170.00      
v  545.00   622.00   28.00      
v  50.00   160.00   210.00      
v  816.00   758.00   697.00      
v  135.00   686.00   553.00      
v  439.00   822.00   265.00      
v  841.00   564.00   500.00      
v  28.00   449.00   87.00      
v  467.00   845.00   217.00      
v  415.00   780.00   65.00      
v  443.00   759.00   917.00      
v  599.00   257.00   424.00      
v  750.00   647.00   86.00      
v  961.00   280.00   871.00      
v  749.00   530.00   42.00      
v  809.00   417.00   846.00      
v  500.00   833.00   928.00      
v  408.00   222.00   146.00      
v  526.00   100.00   345.00      
v  27.00   730.00   333.00      
v  162.00   726.00   801.00      
v  361.00   585.00   255.00      
v  56.00   628.00   30.00      
v  993.00   73.00   56.00      
v  707.00   763.00   910.00      
v  806.00   42.00   777.00      
v  670.00   354.00   734.00      
v  594.00   390.00   838.00      
v  236.00   362.00   942.00      
v  130.00   391.00   494.00      
v  234.00   127.00   798.00      
v  210.00   337.00   524.00      
v  385.00   92.00   246.00      
v  281.00   361.00   61.00      
v  98.00   551.00   804.00      
v  469.00   907.00   428.00      
v  314.00   441.00   471.00      
v  331.00   111.00   889.00      
v  746.00   818.00   935.00      
v  644.00   693.00   458.00      
v  213.00   598.00   276.00      
v  960.00   887.00   579.00      
v  925.00   893.00   999.00      
v  539.00   263.00   600.00      
v  55.00   962.00   173.00      
v  397.00   894.00   841.00      
v  419.00   891.00   413.00      
v  474.00   610.00   131.00      
v  44.00   230.00   64.00      
v  694.00   856.00   78.00      
v  474.00   443.00   38.00      
v  880.00   612.00   226.00      
v  746.00   509.00   6.00      
v  601.00   434.00   410.00      
v  345.00   648.00   911.00      
v  560.00   721.00   141.00      
v  494.00   272.00   883.00      
v  789.00   194.00   560.00      
v  40.00   135.00   346.00      
v  389.00   641.00   725.00      
v  277.00   644.00   574.00      
v  172.00   728.00   319.00      
v  475.00   432.00   613.00      
v  333.00   433.00   825.00      
v  853.00   344.00   372.00      
v  572.00   573.00   395.00      
v  542.00   92.00   365.00      
v  912.00   882.00   36.00      
v  988.00   806.00   870.00      
v  650.00   940.00   451.00      
v  716.00   523.00   499.00      
v  876.00   511.00   509.00      
v  107.00   529.00   145.00      
v  138.00   366.00   643.00      
v  396.00   828.00   608.00      
v  144.00   140.00   603.00      
v  256.00   484.00   749.00      
v  232.00   581.00   637.00      
v  298.00   690.00   723.00      
v  209.00   842.00   580.00      
v  657.00   750.00   188.00      
v  1.000.00   630.00   661.00      
v  253.00   927.00   205.00      
v  372.00   782.00   492.00      
v  174.00   369.00   314.00      
v  761.00   989.00   465.00      
v  85.00   245.00   101.00      
v  346.00   917.00   717.00      
v  773.00   814.00   534.00      
v  159.00   224.00   397.00      
v  217.00   566.00   544.00      
v  83.00   770.00   256.00      
v  810.00   480.00   606.00      
v  335.00   686.00   626.00      
v  21.00   86.00   934.00      
v  979.00   46.00   676.00      
