15394
18897
16528
155
2193
14749
10274
579
17091
5325
9091
27281
30402
15696
15025
22560
25871
23738
28613
2094
19265
6735
27841
23886
8176
30557
16008
15964
17873
17872
16686
25014
31266
27904
8562
22697
585
28877
6025
28458
23736
28398
16158
13255
30995
1670
12438
15325
15253
24056
16280
30730
20400
15101
717
11493
3571
24820
2276
25581
31025
10617
24282
26816
5856
2872
19320
9870
9919
771
25629
31180
32188
4899
24253
18989
2068
19692
17706
206
14012
6293
28050
11952
23552
12102
23625
30572
15210
31601
29385
5154
20709
21350
4088
691
4898
16930
1449
13616
13627
21096
1892
21906
11158
4116
30314
29099
30733
13227
12020
9052
331
11318
15036
2313
31097
31569
3262
8778
6171
6015
10816
25827
11060
18624
25872
7671
17329
13158
2829
29560
260
1316
12008
6626
16400
30824
28204
4649
12613
8682
22652
1007
6668
15493
23580
2043
17765
26439
23476
30439
26574
2500
20816
4120
31336
21167
8874
3316
20821
1195
2732
29774
29028
1374
15409
16933
26864
25287
8716
14223
12293
17106
24651
26352
21445
28970
31421
20591
28938
32591
17585
8875
16973
10984
32257
29609
17607
32346
16719
1554
14549
24473
10127
28315
417
319
17605
11716
10239
27099
25104
4549
1173
1419
6376
29893
21823
30157
13220
11086
16818
5010
30527
14078
4959
22420
14939
4479
9370
7402
28038
9145
19195
29145
30909
15685
16644
27374
4654
8229
21253
11337
29250
29875
21309
7484
2267
14808
6466
31253
6107
1406
4259
14391
22245
10568
6859
28784
1127
3968
18472
17286
2008
25681
11405
27923
2366
24374
21205
30867
8692
16562
5066
19644
2730
22594
21573
270
27309
9872
28310
12714
11369
28649
19237
17767
31532
21233
27738
23075
20012
14229
29115
19287
9420
10818
22100
1774
22555
30548
28252
9304
9629
6866
26645
29146
22351
22616
21492
27688
11493
3924
30722
21557
27222
8053
29314
22346
12186
29025
28628
32086
32178
30631
30617
20869
3306
15348
5400
30995
22619
19593
24289
11363
691
7660
8623
17995
30777
13534
12947
23986
29195
11406
11343
7518
16042
27916
7168
19975
29625
9728
24833
18096
27906
24988
17419
14135
15546
17359
2465
298
28934
18876
939
4828
21182
7530
26209
30904
368
20925
25706
6358
4264
6821
22085
19660
2670
21909
28905
19911
31505
30263
20392
9946
27171
11102
21849
8597
25797
20540
10422
24794
32037
32213
20483
7660
25412
20659
12273
15305
31485
14043
29121
9402
4931
23041
5292
9768
8874
31224
11907
16049
11560
19308
8083
4731
14109
11987
15819
31176
27026
21409
15137
24011
19390
7099
19249
22459
13775
21295
19495
17957
24807
4130
30432
19590
14436
20234
23116
28953
20580
7965
9751
19694
9608
29448
2184
572
2553
27109
9129
27896
25513
9319
23976
16806
8156
31320
4221
3696
32742
9286
23757
21109
9014
11641
9230
8035
29331
16936
28141
31048
20646
11756
15596
26789
13241
7796
5712
29381
3262
32379
16698
27724
8083
31991
276
23059
12420
5267
20270
21555
11026
10080
22441
8032
9714
711
15765
28793
26713
24515
27222
3676
21623
13133
27724
17919
23361
25367
10419
25789
23924
12924
25799
11501
7639
31671
27180
30905
10432
2388
19086
32558
21721
9189
1669
28559
16676
10230
7099
22255
29757
14403
15952
1022
224
24616
16765
23844
21418
14936
29560
23756
3620
28626
28824
10243
4861
8977
12730
29505
10135
7043
23011
10630
20166
17725
1831
2473
16596
22765
10953
11757
9416
16400
11427
12758
28391
2405
24008
27195
2172
417
32361
25499
9429
17508
23285
6837
26510
22892
17540
9042
16402
12809
26742
12646
7774
6864
19287
14423
25864
30100
27398
5277
15488
20370
19479
29579
11159
10220
30325
28012
6461
31321
9548
1490
7055
25114
11814
1579
14353
26928
25428
26261
31031
22476
30095
14580
32043
6151
6367
19009
25034
467
28860
28197
12783
9009
1907
10438
14325
22693
21708
10977
22903
18919
6122
21529
24666
7900
2162
12174
21774
196
8944
7858
19984
15285
5238
9816
22708
5192
2438
4622
24353
9618
25649
25005
12189
23382
7553
13614
2315
23672
22037
10943
20657
31157
23051
25366
21823
29842
7203
8198
17165
12946
27680
12624
11685
12460
27762
9147
21121
19196
2835
26215
30998
11449
431
23134
5137
31847
8455
108
2016
6222
27543
14641
14964
30506
17270
19316
20549
292
12159
9402
14999
29953
31662
2071
31484
11674
14540
8005
16411
23436
24399
8691
16303
1840
6524
1887
29139
28366
30926
30247
4476
5389
6811
26205
1607
5038
32757
10713
7029
1658
7375
20179
10291
8825
25184
4273
3359
19813
18637
19229
11017
18782
7170
9051
14070
18655
4064
23513
3947
32497
24478
1544
30440
32671
31849
1643
22450
1193
3918
7918
29909
27261
21082
29560
11370
31074
1280
15555
12054
20215
32698
7532
20691
31708
10995
19782
22259
10671
23845
3828
26466
23866
25663
9143
32043
10474
15945
12676
1597
25475
17738
20314
3696
14099
21098
11218
7107
7205
7252
504
8167
5430
21726
20569
8962
15981
18924
1629
2989
1414
3473
7127
10302
7696
27000
18139
23885
1496
8579
17360
7537
11685
18865
25541
3659
6693
13125
21769
32454
4392
13605
23029
4764
9996
21376
25101
18205
16504
2739
14664
13612
23630
16750
16811
13450
14810
9746
27420
17495
12112
31582
23926
23765
17525
6219
2265
3696
26012
7988
4164
4603
17108
12346
16997
11837
12128
6887
5295
5804
5479
21266
21678
10104
20973
11522
919
8907
3330
9430
4132
21328
25145
13603
25246
14322
27996
224
28475
7398
3934
21631
17067
17899
32657
16989
15598
3536
32025
24156
28264
7991
13473
23758
19255
10906
11853
6294
10436
15755
22511
17545
14744
8000
32637
19483
31602
22094
20931
10039
19350
15285
12629
9582
5479
16157
31176
29780
20280
16479
801
25895
14688
8775
31118
13746
5004
31385
23892
24689
15450
849
16137
14326
28451
12591
3075
20875
5143
4979
32528
793
22160
24806
2407
30793
30112
22041
18399
8936
748
18673
22623
2704
958
5475
9110
16261
10325
18301
28396
29917
3456
9894
19128
1508
15467
1574
12467
27326
23736
32489
26285
24654
19665
30335
31102
18263
5245
5992
25664
32481
26034
7823
14267
15839
8107
8724
22049
