16236
6706
5197
15338
9145
12038
26854
31774
17241
24755
3700
5877
7832
24808
6203
6572
30865
26086
9419
9379
15346
3121
2274
31412
7423
139
8590
6851
7386
1570
4498
6038
20993
11529
28171
8679
6680
19685
7763
30904
6377
6121
29478
13287
10409
23044
14595
7426
8060
14424
18901
2652
3644
1263
25043
28769
23670
31401
15269
7462
26038
30073
14280
21061
31749
31441
4915
12519
29615
9819
28987
11298
7242
20202
15540
30086
19187
30640
9305
6130
23003
25009
13934
13484
16643
20855
24483
5809
11331
23816
20796
4170
12945
22037
4719
22240
4736
9332
16653
20753
6151
9425
17765
2820
3972
24480
32102
17657
27136
11349
8963
20516
30389
5336
29148
11707
21965
3379
20506
9294
2157
21390
32410
16215
16882
3166
5199
27922
24187
28377
18657
11918
8871
5549
21146
3588
10400
18417
23427
20329
7768
20060
20938
3903
14610
10421
5991
17328
549
14218
21759
21469
24828
11813
29705
14708
1634
24764
1071
24704
7420
17128
4087
14726
25367
10840
9378
12749
4517
10695
4437
1533
13441
6187
8566
8940
22523
6192
22105
2228
12176
13284
25628
25609
6649
24756
30159
20937
9832
32663
31960
213
32526
11657
3990
9760
23776
30779
6981
30469
26779
19209
27938
7646
11525
10284
22223
23762
32374
561
29176
21230
31640
18857
18231
6007
2923
803
23605
8063
31884
31063
27923
8631
10678
24484
21768
27780
18313
30909
27211
25173
16266
5535
20787
4147
15468
198
2716
4762
19342
10656
16782
15495
14276
9282
7193
13522
346
20826
4995
32190
5974
16996
6054
6863
13822
11809
403
18651
3738
2373
6523
31844
7291
6000
13264
6693
19260
2144
10663
7659
21064
30053
12385
9126
27036
21269
21642
1728
15311
11072
7169
2989
14671
13095
4953
18372
12525
4584
19072
15181
20892
27453
1182
20955
31093
614
8000
15580
30207
2404
29878
23662
6574
28776
15801
10868
19113
18827
13906
23529
28368
5311
2551
11381
22782
2054
19190
2110
7051
10210
30999
2049
25622
17420
23420
29537
17537
11368
12749
15743
3388
12857
146
12234
7367
18834
31968
14105
18546
24333
23352
1783
17000
13758
1452
1853
8427
24938
32067
16359
27361
12533
27295
14112
19856
7450
8669
30111
24486
3935
7613
9526
5500
5447
13827
32168
19099
21449
5405
29628
1152
20225
12549
24207
21148
23078
19305
1838
28575
17340
15626
22116
2038
4618
4194
5329
18834
25551
12169
28988
8428
18737
10585
16683
18246
10486
20945
12208
1587
1526
16823
20101
21593
14544
31105
15707
12150
29149
11126
23408
22433
5986
28945
14176
20435
21514
28582
12605
18341
27027
12359
737
21083
7111
12009
8835
3874
18350
25795
13193
9878
31490
20983
31133
16775
8163
19060
515
23805
4300
2587
30506
8057
10438
21537
21121
4990
9179
8628
24715
27472
25550
9185
19254
12796
27913
7349
7785
3480
12247
21410
31452
30412
29139
10533
27436
2450
27553
3494
3887
21305
28379
24480
4485
16816
10318
29953
7023
6145
21095
21460
15076
3100
27624
24093
28386
29142
18143
29956
19971
5937
985
22326
31568
13790
19795
16009
23897
7680
26481
223
19334
32307
26611
14412
9640
27853
10852
13947
2515
5732
21652
18253
7280
13712
32585
1732
5774
14321
22322
20000
3705
13428
18972
31815
11918
5843
5224
7530
20045
9307
17085
13798
8624
15858
31738
13416
29371
856
10095
20309
6485
15277
17228
20841
9558
10036
32601
6558
28385
7766
28648
21071
244
8682
27913
9117
4669
16563
29180
25874
48
30250
4332
4740
86
26238
20186
2108
31720
7130
31703
19032
18844
10470
23414
23406
14783
21648
12673
26226
10372
13068
1771
16346
2716
20505
15110
511
10246
20103
13558
18631
31017
8438
18790
20609
23072
16352
10361
31760
2133
218
26627
1612
7761
29462
32250
25253
466
25901
16167
4362
30750
30747
13857
26889
21656
25483
26236
8247
30097
20310
20542
4050
864
26182
18322
32165
9653
1567
29889
27692
9002
12512
4189
13817
7963
9030
12224
30806
27064
13458
13749
4396
5720
25484
15220
13347
19473
13512
1492
23307
1157
17960
23228
5499
11518
15266
19162
31671
23998
26947
17304
18647
7056
24180
32076
24614
22435
13949
6575
16841
8600
21063
1681
12961
16346
24422
30923
7026
8750
20566
4980
25412
25227
10757
3928
18697
18475
19090
30373
129
226
3413
18664
5723
1199
28703
6968
24477
22417
7619
2225
30789
7579
469
1829
5424
13643
18865
29709
11580
19480
30399
28102
15786
8522
26102
19706
11718
27406
28831
21084
5577
4554
2652
23704
27902
13742
104
14985
25380
12940
15904
28077
26900
5609
15043
28887
11427
15188
29814
22308
3018
758
7307
22320
17156
22123
22786
5770
23288
28624
16208
18789
6488
5917
27744
31376
30985
18869
24024
4008
28036
60
28829
23948
30076
1705
10393
24849
16577
6812
9660
28663
28004
17393
27200
30236
8220
7061
22066
4848
31720
29848
31790
11049
15606
7044
13162
17080
31428
8174
2805
13051
21893
23626
577
4404
4806
12292
10976
22842
27985
8140
6027
12398
7249
20529
15464
21745
21944
3697
9357
3348
20446
23439
8384
11024
1642
11687
21376
30968
18038
23423
15946
8427
17902
26206
13333
25998
19001
5665
21791
16057
8732
7051
30699
11889
30427
11485
9098
25111
14497
20646
32539
29662
10785
19165
23182
24707
20350
24621
13485
1336
17512
25488
25180
14817
15753
16927
15135
23426
14623
297
28382
23288
8938
25218
26853
9192
28488
8989
25647
28662
29087
2013
5348
23095
29179
11433
2848
18152
17912
18879
13046
29536
28899
25418
5557
16963
3868
5942
16489
6137
4286
32067
29605
23390
1922
19800
128
28347
3041
16411
30430
13558
32121
23998
2289
30469
8882
12059
18431
15784
27553
1284
7781
29528
23597
18900
10972
25210
24944
4426
24827
25561
5728
23192
4861
20819
15278
14518
18629
4307
26350
21756
2079
19327
11513
32752
29257
9522
19343
17501
23218
2092
5697
12453
15105
22792
10894
19031
10329
9967
12109
24580
11739
11276
9035
11599
12397
12863
32564
1348
16314
12310
11959
30443
30842
12793
9445
8220
23540
25508
4058
8852
16577
19931
28576
28489
16594
7256
5200
23547
18613
9
18298
14092
11283
376
9415
19857
25470
22411
26077
6057
22377
5741
9603
32526
23672
19148
24070
29673
17659
21829
9947
17387
11189
6684
30085
26521
23521
22833
26042
14823
31351
16943
19649
19977
21675
6407
7198
22406
30646
32413
22385
22670
30170
12736
8604
2701
31904
23648
9508
13568
8293
16635
23514
26248
276
23641
31162
17468
11317
20345
32531
25412
24615
9675
13800
24740
5289
19360
7830
11093
27808
18654
4024
13466
29972
5112
3400
31377
21883
4381
6919
8456
21818
4528
3614
3219
23145
26617
8709
13275
17878
25370
21668
6969
20557
18244
19896
11908
19735
5674
21881
27943
30145
15286
7802
7286
8991
29435
26320
29762
6031
30572
13430
31146
16002
22091
12528
31797
1337
29796
26671
26910
12493
7162
28341
26863
21874
9986
13049
31569
21244
6543
32269
1315
31395
16526
26494
1225
16899
10419
16508
24775
10087
435
14906
1166
11078
16820
19352
16277
782
7425
6656
6828
26913
9731
27021
6030
11805
10605
22643
3765
28513
6838
27035
8050
5837
9420
8845
26172
1992
13063
16531
27977
7560
1627
18715
2907
24206
10963
31070
9437
2415
24890
22847
814
24282
20763
30070
13885
19671
5869
1261
13398
24397
647
32106
11323
6599
6618
23407
15735
7799
13278
8543
2799
18044
16333
20961
23482
3936
3216
27017
15922
485
9334
7094
24907
30209
4396
22198
6180
22567
7146
21297
15324
21448
24042
12996
24487
1818
13598
29164
2849
9240
28962
12582
28386
8906
19568
6484
18258
26822
1491
24419
25022
2551
11806
11051
30636
1693
32285
26006
21612
10901
18636
12805
30960
29147
24007
5871
12766
5709
28674
6603
21474
10929
21690
21041
4681
26362
11947
14396
9164
2503
22916
12850
10665
29485
10648
9575
3321
23734
21462
3678
17981
21161
4603
25650
17210
21132
22278
19252
24327
13032
10220
23254
8292
14412
27790
31432
12877
31636
19688
7008
19151
1387
28299
19775
29723
17167
9805
31794
27609
14421
29247
20822
3262
4844
20447
128
30305
741
17039
1243
26442
31859
7750
4307
32076
18160
27270
13618
20502
32033
29070
905
6660
25275
20432
12242
25403
13094
6053
30035
25332
19840
23872
17094
2840
25061
16096
29110
29198
1006
15690
3372
3792
18039
30839
27531
31557
17574
9354
8121
12491
15401
19205
1407
29458
7358
11323
27955
23857
12537
21769
10900
17651
17474
15553
2805
26738
27165
32615
30366
6632
19118
2080
16751
24001
6268
16359
28358
12021
4981
5250
27811
23956
15666
27572
2570
15267
8829
22197
11433
3110
24080
6623
2491
26750
14496
23722
26156
4085
2586
5594
8702
21912
16429
2039
4843
8261
11784
25086
29260
12548
2405
22614
25145
9114
14534
18949
19954
23900
22270
17956
10621
24130
4084
1424
21649
10300
15012
11491
9395
12489
21606
27299
23199
4293
16755
17849
1769
26242
30373
12324
8676
7707
28798
12782
23235
5125
7020
16479
25086
17895
4427
5490
13048
1452
20524
7045
8414
25302
20053
16724
10962
15893
3977
18984
23369
15128
8073
28236
14001
1187
5594
24513
32088
5858
1737
1842
17545
1021
1453
3370
11000
26348
7276
901
11359
30861
23616
17189
22634
31475
27579
20966
28881
28417
13833
25811
12995
18488
8054
21146
20363
4814
25391
2621
22638
16384
32333
25099
8658
3241
19471
21199
24998
13842
14183
29511
3325
28940
9657
18391
14588
22332
32479
14975
759
16055
30320
20235
17367
12239
31298
26505
4799
27948
27181
11520
23279
16926
32018
28767
2280
2865
30492
6068
4816
11522
5446
27550
24601
27986
21022
22789
21598
25177
26568
31496
397
27740
13125
311
17739
28034
23798
17923
21908
13284
27227
10610
162
18915
7457
1048
9233
8382
17244
17986
8000
18788
23825
6004
17658
12166
15095
2582
4182
2801
31358
14186
8411
31515
785
22465
16872
251
26776
10991
339
19230
22338
17660
6481
2040
27777
4892
12694
12920
8534
11489
15293
3295
10702
17840
28393
15825
28109
21106
9901
17324
32522
14219
10537
12826
12379
4880
6262
28130
12851
30516
4933
23300
22632
10500
18626
12548
27962
14165
959
27014
13714
32250
28942
32027
2695
26938
9518
25179
11302
3457
9515
820
12659
26453
30399
7297
14763
22412
31677
15326
17100
12220
7343
20411
18775
25332
1726
32176
5461
11945
211
13072
22680
20467
7164
9153
579
6394
17169
11083
27533
31402
28055
17454
16833
22191
31204
2425
20873
11677
29316
30360
5997
32110
17116
22894
14743
25650
7949
10916
20185
23298
8988
16448
5873
7478
27983
3705
2059
4056
14298
27337
21895
15704
13754
1349
21501
14720
14050
3114
24190
427
22421
11704
8477
11570
16147
27715
27822
552
12663
30855
30670
16967
30944
1596
12580
17449
27087
20202
1766
11452
1744
14079
18334
23792
1885
18719
46
26546
17919
31675
31505
9246
22966
29925
17637
12272
24219
16482
23078
30268
12740
11265
25149
3680
9320
15916
7097
1846
27203
31421
24028
29326
18236
27155
21337
17627
16454
5732
21084
23852
21380
29524
30155
18782
31664
25543
23499
6800
701
20980
11655
24024
26555
3516
21549
3380
23548
25913
32568
3268
7029
11161
24565
2102
9318
8749
15936
17537
4670
30653
19087
14806
8121
21023
20787
2515
5195
5639
13018
9723
8385
24865
18007
14947
28454
27229
1958
12461
27107
15499
14378
24378
32299
32551
21562
14492
23958
16758
476
3914
780
31698
23760
16792
32485
15169
17361
25062
20046
11085
2839
12055
16879
29200
14368
28997
14283
4751
10928
3762
11367
18761
22295
27906
26414
5903
30130
29352
17940
28181
19380
15519
27770
13642
28966
23642
22865
5605
14381
12797
10371
18240
6540
14029
910
19690
19049
19429
1394
23288
24404
24876
5582
21659
8325
2179
32582
6392
29541
18755
17703
4659
32081
18406
31822
15053
25498
5636
11078
3377
19664
16002
30128
4489
1856
25094
5864
32214
30907
30637
28645
7232
15257
1537
11361
27562
3326
26661
17210
11914
28764
29523
22041
23544
11321
4233
13393
9989
1075
7806
1290
4173
21569
12251
23710
13776
28987
31144
16707
21757
29341
1540
25323
13072
18824
32538
2664
24478
18697
9808
980
1390
926
19393
2096
15755
8694
23022
27211
6295
5881
18864
2789
21090
21768
4722
22549
25532
26758
27292
23528
26247
7063
27730
7755
16
1831
29279
24107
17823
13615
16748
26074
20300
14387
20854
32437
27925
23568
19327
18436
12846
21492
3971
29985
19096
2478
22189
14045
20213
29224
17867
21535
2715
2865
1024
13774
26599
26240
10680
27121
30419
26102
7137
25109
16843
3364
10073
28911
25789
3085
28834
19267
6768
26413
3037
4101
13334
24762
20726
7101
12068
1833
16412
11056
23905
3316
2676
4412
21309
19867
4878
1028
4197
9193
31768
17741
5780
30072
5201
10792
25260
6007
14529
17874
31749
28843
32424
15320
3589
31924
14772
32126
16369
5266
12918
30306
16130
8295
8471
27741
11964
5758
16455
5802
29563
27533
3191
12362
2895
22583
840
2470
26889
6101
30531
23927
1430
1142
19402
27875
7052
13348
11598
9960
16643
31594
6595
24318
21414
30995
19793
22264
27402
3891
26445
8236
17726
28012
23399
6099
24995
4202
805
691
15869
23216
25488
3067
27083
10903
31533
11118
25556
4499
11310
14019
30211
4281
5866
8780
884
32382
30859
13527
31951
31170
25094
13010
28373
3597
23377
17586
24376
27928
18128
7317
27568
24975
6416
7973
24395
24341
14519
5056
12805
21385
6843
8151
9880
7559
28371
4500
31381
19506
28715
15808
23732
3121
11868
29923
7528
26104
25243
21421
19895
12617
9520
29332
16457
25082
5931
14527
8383
4600
21586
22051
5446
27788
16733
10476
7787
24285
2662
4638
10545
12727
26011
32124
1888
28810
28214
8361
16929
16822
11183
13709
31432
5125
6447
13306
19953
17785
16713
20111
27854
10057
16869
14045
24767
806
19580
27849
11555
1474
30347
7473
17263
12947
28225
21459
32125
17621
26491
1130
4646
8654
21747
12057
14354
16469
16820
9229
27343
10645
24274
10847
1569
30479
6487
3639
11161
29150
19584
23095
9833
14143
25642
16407
16759
1616
903
29836
17328
6936
1045
623
1695
15048
24785
22811
23358
21824
25000
6679
12556
24533
6958
27125
13151
19794
5778
18553
20732
18236
13778
13310
25061
3163
10283
7190
24434
6261
724
26481
25251
31069
20971
4352
23733
29997
13744
8281
15859
26063
24561
350
32463
28098
1477
32537
16177
27162
6525
26091
28687
17865
24792
4326
15166
4638
15222
26231
7560
2187
11663
2120
26366
22955
741
14948
5519
28035
7671
17821
15834
30985
18296
22827
30273
3298
4607
12181
30783
368
9728
31445
27643
25612
2555
23479
4637
18832
15091
26754
16352
10777
10530
1754
24936
10763
27883
7397
30295
29781
18448
23981
15515
2550
18213
13509
32137
10944
5957
5424
12592
15195
25603
12158
27623
19598
20899
21304
18985
10170
26507
32638
20131
1191
32500
26351
26250
19587
2533
27337
2098
3624
18018
20817
8157
1950
12769
15222
16081
26849
20733
7601
16557
13284
8046
16431
23292
24021
15417
2610
19211
5539
9764
7349
5624
21438
7277
79
3852
5918
30651
27225
6218
29574
3925
23891
20808
21770
32402
10372
10302
7375
24209
2785
349
31506
18473
32048
26722
10859
12835
26477
106
28755
32679
17773
9736
1765
21237
32449
30613
21473
30806
30173
14279
4342
32081
4730
16005
18753
18465
19256
27642
20497
17255
29320
20969
5357
29213
19145
1856
30936
32715
9649
23023
2259
8445
4847
21242
16804
22516
25102
16589
16598
29084
31645
15313
1793
20158
21901
22844
12107
19831
1754
45
16431
26345
15982
5368
31101
21808
8514
28350
17314
21911
21446
19266
9258
23308
12931
13559
23427
17618
32254
3934
4100
28022
32224
15758
10797
9732
24405
5908
17969
29050
21170
7934
24241
5245
11354
12595
5323
19787
3298
6662
14675
18417
21619
19466
31584
8894
25968
10279
24587
5879
31321
3053
26483
6604
4848
6697
773
2443
15514
29110
16634
15124
14855
18070
20768
31629
19989
4417
18142
23127
11762
18493
15474
20288
24193
22511
15230
4346
256
19633
3779
12236
21223
25381
24876
18567
25875
29384
19982
25532
20003
26314
18094
21804
23587
14621
28932
12160
2408
9164
25534
8250
14522
31886
25480
18412
31929
28315
1419
25255
28281
1726
23347
21687
22384
17835
2870
28557
12946
11412
31698
765
18618
30711
29270
3754
27724
31930
19427
10174
6168
23417
13172
26334
30082
32287
31004
29277
3552
5043
28303
30895
11044
32373
27876
12065
11195
26666
26521
10440
19893
28852
12504
6583
13605
10981
21240
23157
12747
23445
9031
16303
2032
12018
29191
6697
16530
22552
31670
29434
17601
20194
32659
22521
18505
8191
8029
19571
18321
840
27742
12831
7363
11344
17832
15955
28717
2365
27551
20343
2024
25559
27831
14011
15031
6367
20351
18949
2609
22946
7647
21037
10275
11214
13725
10605
27440
7043
550
7699
30394
21421
908
28025
6662
4242
18123
27447
10906
8359
13136
10391
24042
26536
20924
12362
26164
6119
28645
10841
22185
5605
17949
31838
4813
14879
440
14835
19744
25898
22728
31083
22782
6658
2859
24768
21444
4768
29896
32461
26932
714
5397
17597
14107
32047
12253
13252
5168
11955
27456
4877
15936
25608
3835
16883
13192
3454
18665
31347
15203
13596
6858
6113
25125
6895
21828
13787
27718
27554
17447
15228
1219
17743
28661
9937
10945
32405
6306
11409
8819
25579
19864
8
27967
24371
18174
22357
3356
15763
25658
32725
5951
1920
29620
5855
23030
7963
10205
15026
6612
6337
23921
18347
10766
477
5881
30140
25637
2561
20883
27161
17093
16950
5877
4404
9198
26256
28848
21740
30289
26117
8370
769
22013
7294
17167
30668
23610
29487
15617
24877
9909
23332
7469
11716
23006
22045
20775
31844
8847
412
21561
8132
31470
22588
15200
2680
13972
7492
17048
14112
6639
9852
16217
24800
228
30784
7266
8208
22713
26578
17077
16180
28979
14325
5091
23598
26875
25527
22921
10674
14662
2958
19995
25851
9397
14502
8928
21436
3450
27258
10046
24154
30397
8866
30008
6744
13630
25323
18229
22803
4923
20909
23299
3759
27540
30809
1563
9553
45
20562
24359
4238
3988
4606
8385
13604
28132
31260
10622
30952
9449
31064
15659
3840
24452
540
27478
21586
9297
26794
16145
20540
9096
2408
7154
11654
7201
10618
27742
16277
7228
17814
1287
26593
8383
17172
25012
28585
22593
14149
8001
10725
3367
14598
22246
29052
31500
28821
16060
22455
4967
22947
13180
5877
30055
27562
3978
7585
7458
7296
29491
17762
3567
28973
25139
2705
31760
4346
23163
22512
14741
3786
18481
15001
27260
23725
31479
4660
17437
7603
112
4461
23494
18942
2048
8870
18594
22811
13268
1256
7391
26259
31523
13600
31247
1212
435
30600
17615
12757
2206
5475
15271
9042
23638
8941
30002
23413
25575
24978
2431
15646
13692
4702
27318
4580
21541
19637
12543
13924
31447
11588
23967
24793
6325
28983
22884
13806
25229
20908
12868
8144
7590
13160
23617
7046
1977
32457
31120
28805
61
13308
28153
1663
22247
3952
16769
19837
25458
21131
5703
27693
19100
1179
13740
10365
5233
16399
30902
15976
30667
24551
4023
6416
32538
8553
27945
8718
27233
3606
22493
6918
29313
16860
26709
13694
20922
24973
30062
23792
13679
21904
13377
26397
32041
7383
3916
7845
27359
19472
30925
23509
10357
3360
15471
8128
18050
13005
5160
26001
6230
13498
1122
7711
4412
10137
17241
2498
1788
1436
12228
25702
32164
23340
6839
6109
24712
11230
26824
26746
19592
9123
20081
20443
20369
26687
11189
31238
16743
7932
19206
6328
6561
31391
1895
249
26357
26011
7630
18164
19381
7301
11724
19462
9114
19656
11631
29461
14017
2970
21608
28451
7667
14638
17001
24610
15401
9259
25809
12810
29007
350
24459
29226
27209
2987
32051
3771
12852
24650
27259
13499
26862
27440
16590
16377
17112
30666
9267
29036
13786
14833
30835
24520
30632
25371
29054
22099
12612
6094
779
5621
3013
22875
29567
11407
31318
14280
5648
22158
25985
24590
28714
7872
7086
23173
19985
12390
10982
3484
2761
3978
2013
22733
3891
11155
9776
23504
19576
22
26091
15887
13738
14319
31310
2651
31913
1681
11729
29405
5700
11162
10085
4431
18849
21675
5373
30572
20191
20854
24397
9124
16633
19992
19153
11797
26350
1962
10770
16823
6175
12050
1317
13782
16376
28191
23156
23494
17618
17110
23745
21714
22040
9478
21095
1141
26025
10787
31203
29389
20606
6992
6036
13132
31373
12734
4287
9137
25069
27957
14294
5942
27962
14576
11770
16907
31035
21166
32190
30980
27074
10246
21294
6543
16852
7675
29968
11752
1802
30416
25449
8592
29751
18974
16195
6651
16203
17187
24494
18312
30328
6493
14341
17079
14483
30551
29554
18839
19644
17348
27060
29053
23873
202
20768
8443
22976
13728
20966
26128
17548
5723
24214
31901
28498
24069
30179
6424
27389
3824
12710
19332
11990
3401
18214
3745
15088
18416
23702
22368
14787
25479
22495
14489
25879
7114
2720
28416
12836
20254
24435
26966
2295
26732
27763
8412
2839
6959
3835
22029
11625
9676
29872
1420
10577
3619
13761
10588
2330
3171
25709
6735
21400
6178
13766
9665
6923
19373
10165
11141
29511
4508
18495
22560
4882
20650
518
20277
9422
2500
4627
23105
2648
7264
2770
28553
6191
9488
2142
9552
3033
10839
31231
25932
16770
3003
9458
29787
27879
26395
17512
8819
22898
26691
27344
14039
30118
14014
2137
27793
11710
30187
15027
4892
22929
2900
18966
10081
16825
7994
30598
30949
32756
2933
85
12096
16074
11387
31465
17361
7281
18622
28864
17328
13549
571
22960
28132
6011
1615
23668
470
11056
28621
30820
20998
18142
3919
31876
28413
55
3529
28608
32387
30261
7524
20086
4881
6841
11401
16693
6025
16242
20283
12485
8997
27136
21163
23399
18861
13145
12038
20317
15342
13932
19346
28333
19559
20997
18681
24611
11333
16881
17893
4501
29842
21346
20940
12138
20393
14485
526
13661
22253
16305
23869
31871
30906
28915
4283
27259
31388
22536
9355
9758
27583
31930
8545
29975
7079
20175
23803
9979
26913
2350
24756
12684
32122
20548
7767
25146
18414
4006
26417
18666
19811
23288
22890
16375
8280
22029
14229
13686
5400
26703
24197
6591
1587
16226
19810
5929
15662
25860
29693
30484
21370
27704
15201
22573
8099
31139
31915
6637
714
11062
23067
8547
10837
8973
11882
23348
6629
14743
1630
7904
4488
6904
22685
22342
9265
21419
28607
5227
4709
4204
15014
27255
15670
5461
30482
16896
17781
12359
27248
32139
11044
10891
7411
6224
298
32185
19174
8766
2378
20441
65
15679
19542
31433
4730
32701
672
8927
27805
24677
24754
8398
24991
3883
7231
17102
30960
24462
15705
10487
26959
10269
4067
16622
13794
15162
18762
9412
8582
23838
13936
24859
27748
23325
1513
26251
4037
10283
618
10820
27687
8864
20862
14836
7567
26424
2683
18155
27170
21854
14773
27773
32495
10410
9201
13735
28432
19368
24093
9718
10481
18395
3390
18853
21999
30465
25257
4357
22565
22937
10358
31522
23170
13987
29234
21412
10015
26791
17876
2035
14288
31736
20722
22431
13562
570
32309
25598
22180
16162
32523
25367
23504
4733
7579
31166
3083
17268
27390
257
30531
4366
7596
15043
26585
11254
13364
14759
15095
32127
12337
48
4900
24549
32121
6950
6421
11222
22935
15163
16070
16176
20348
4590
14538
24845
7025
30128
8672
9981
2896
4421
31942
16274
12020
8814
2130
17954
27886
3013
6590
968
20345
15848
28996
16812
7601
15321
15594
4228
5375
16037
15776
10587
22232
15428
17032
19345
24231
21953
28309
15396
5127
28827
31831
18989
19766
32618
29717
31918
21958
15813
2077
19850
19862
25444
2904
5589
29697
4738
13857
3918
13141
1413
11607
3882
135
16353
32689
24084
25381
17978
3410
20849
14731
8649
3486
2536
3418
13056
10059
31522
3110
6001
20155
8398
30831
9964
24201
1257
9939
19431
7778
31548
23425
15139
11286
13862
7153
20109
31470
6299
18643
1891
23873
26989
5189
31639
19522
19402
10312
12920
25116
8455
4469
13455
14913
14235
16876
21191
11262
27503
16526
26834
4948
6997
22636
7879
7171
6101
23678
28176
17127
28464
21401
28035
391
15007
8347
10447
22508
20700
31465
1818
10415
483
19227
1256
6998
16378
16373
17727
30945
23023
12185
15881
13983
10913
6396
953
9030
25025
22935
30769
27203
18906
27487
24803
24911
12175
16118
10295
21571
20005
1571
20013
17197
25921
640
19524
18083
23538
11378
28826
3671
5361
18014
29780
11756
22568
12314
20800
11272
30066
3746
6841
1963
1186
7181
24012
10175
26310
13247
19609
26864
27821
28383
14587
15805
18086
25868
8811
5327
8587
25931
23329
31114
5374
15172
2173
8931
18163
21679
678
25713
26735
23305
22385
13766
28558
5515
29828
17407
13003
10076
15547
16794
18812
32262
3274
26760
21916
1063
29476
25219
6861
27753
7964
2978
1693
10419
19274
17195
3593
24993
10033
16040
1088
562
1054
4925
20137
11201
18771
26936
6694
9783
29541
3562
30107
8318
8931
22454
30122
21817
32312
4199
17857
26546
27347
22982
19031
3347
24965
16493
14450
21978
25130
28886
18029
11143
19083
17079
23032
22167
5251
3730
22368
8374
16225
391
30225
26417
26766
25454
15961
12714
22384
802
5230
8463
141
15647
29875
19149
17396
20560
17719
21568
27353
29986
24702
25198
10367
27357
15749
12790
8795
28468
22784
27459
17270
21531
17382
1797
24339
10200
31535
22242
26258
9053
27869
1640
13972
21205
20025
10311
16224
11389
10079
9149
3205
2485
14332
5713
28609
13911
6487
32196
21282
2631
16782
15941
30315
16715
19490
22756
7097
1309
11190
26185
26470
23999
10516
10662
30510
31759
21361
20458
29840
4763
17906
12088
9847
12470
26223
6807
17946
21452
374
7659
6945
8946
26515
13860
8969
2241
28622
22965
18377
8037
886
25927
27062
8945
5917
16559
16548
24053
13540
20510
22606
17491
31737
1432
11256
12366
14685
9896
9554
30180
32235
6737
672
16478
21910
21319
26648
28197
1010
10848
8331
24279
27126
15685
20808
26522
30976
9581
9534
25009
22297
6988
13152
1869
6266
22983
9294
4773
12880
21996
23345
21320
2749
7904
9702
11698
18975
31256
14432
14622
20884
4044
30535
28572
31422
15273
21989
9315
1219
21959
19267
13416
21144
2010
8847
9520
24192
684
10945
9698
1743
10187
2431
9888
6132
31614
13629
31255
14262
29438
23208
13653
5566
29411
12613
16859
1366
4573
853
22004
25712
29604
27901
18245
29674
20530
5795
27556
1296
31535
28315
31790
8291
32685
9731
11923
2457
9237
29931
30901
17636
27233
27066
12914
375
24716
18380
2493
3399
21831
14688
31988
13838
17646
22706
20333
15254
4794
21604
11347
14132
25144
13090
27568
7314
9466
31366
11722
14258
12428
15673
16563
19504
28841
21596
1052
14792
2479
18470
16234
18967
32593
11214
7692
2982
13196
28843
17931
24100
20956
29850
15586
5107
31407
20384
3729
19687
17178
9424
27373
28234
23755
31343
11578
23587
31295
23895
507
22455
17205
21401
7945
10065
28002
25190
16867
27455
19814
11056
26693
17437
29695
25612
30460
11862
11132
12123
17144
14055
26997
5801
12451
28006
2234
11477
23921
14147
24457
7026
1976
26703
1540
8046
10435
17530
24801
14577
29986
20193
17508
4744
14147
2568
17290
25475
14407
3427
32648
20892
11022
5148
2931
5593
19860
26896
14401
26803
13441
21531
23792
31095
29947
27797
28421
29933
8383
29980
32568
24376
18544
9364
28270
17661
30766
109
28391
1991
25195
11300
9657
18858
11514
21005
125
15399
5225
2383
4936
22096
22929
23856
4829
13868
11627
22931
16160
12637
3878
16574
20942
22784
20598
20065
17772
29909
13358
11220
2173
14752
23313
31137
28920
16079
29413
4674
1017
30556
23498
27180
26039
12789
14282
12556
1462
25691
6321
6224
23358
17928
16415
25321
17931
32276
9691
8783
26438
26713
14442
17606
1716
13782
3041
22753
22574
27729
27383
10820
13649
2368
32350
7085
8054
19434
32340
25142
7652
27338
8821
1492
19525
14388
17363
19236
11607
31291
25928
27239
5604
31185
5643
14282
17396
3376
25218
8428
30273
8569
18263
9114
6123
1947
23246
8669
21613
2167
8278
14134
10192
1090
14942
29480
16159
8490
28265
7415
15642
19772
12133
25776
14126
6021
8760
9577
32421
9335
20637
7370
2587
16783
32302
15308
4913
23605
21441
29889
15493
24548
21752
10901
21473
16266
21524
9555
1202
11826
22538
12266
3772
19168
10457
17202
21773
17340
30234
25130
22831
13427
19417
2948
30370
17371
18851
25699
29321
17622
20448
99
13220
24184
5988
27354
13950
32620
26432
21853
4584
8339
23774
3974
8101
6895
31309
11253
7527
5312
28377
30357
23035
18924
19935
8224
17088
13220
10207
17126
25949
21317
14803
9418
14771
9340
9919
23181
18449
31406
28554
12367
32679
19863
7436
31570
20798
14641
20584
14594
25126
13527
11676
7986
27503
17834
21590
425
6492
12340
23306
12509
32532
27979
65
13822
29339
26168
1588
4150
25857
15385
27801
22320
2777
7812
31933
26327
26861
30061
23507
30816
6448
25162
6027
19594
23540
23668
24807
19236
18781
27857
26955
15312
14102
19632
5587
31752
9794
27636
31976
22110
19894
8821
25110
24328
5221
4259
9240
31131
4123
29549
20789
27671
23663
28513
21968
8996
24051
5908
31034
2971
17837
12484
7370
9544
26827
32572
28976
13039
16530
4600
5638
11148
9880
24714
22440
20703
8499
13628
32582
3880
21553
10999
26935
2608
27081
16995
21904
31624
2002
21072
9974
17941
9523
22357
944
25293
21403
26294
3328
2747
20850
18571
8372
16969
30735
32031
22776
10686
23083
12695
15982
14086
9877
26580
24705
15538
9000
21914
18422
25151
21499
16113
30659
29083
8919
20427
28709
7653
6894
14568
26605
10100
3273
5111
12314
284
11907
21246
30125
23212
3125
16123
21945
13499
23729
18892
30650
24997
3699
14156
8743
6096
8404
25023
32075
31028
7553
7536
30800
13338
17964
32664
1181
8483
19073
3202
7010
653
6748
4333
16752
18610
10297
10930
32079
32721
12268
17574
29578
19217
21906
2498
7502
4291
12487
4993
19763
15336
6169
22410
30298
14067
16573
6287
27064
976
1665
24181
32177
5412
28674
14773
21481
19671
17183
22018
12631
17360
15789
8236
7323
16127
18028
836
13969
30113
10810
257
294
3263
14727
10594
2154
27640
23049
13717
8679
20353
24753
18968
13874
15210
18397
9246
18623
13347
5583
13876
12793
24638
1886
30756
16274
30582
21227
28185
12056
8945
6039
11013
14026
12994
19635
21056
4265
19634
17785
23666
15314
30784
7417
9138
26634
11238
7765
31471
16283
16286
32049
21647
863
26789
29286
15447
11546
8831
4342
10379
3084
10555
26437
26198
4039
26872
16518
9579
13631
1704
6771
26349
18976
26132
9025
21389
31332
20769
21459
15602
23588
9297
31278
20061
28078
9356
18477
12429
14809
25121
14965
9440
5781
19720
27564
23484
12742
24170
10214
2605
24659
31586
21600
719
25465
29958
32625
21999
6246
18849
11453
15597
17923
2883
12716
21732
32017
3964
13851
27789
15991
19556
11601
26977
23514
1758
23348
2046
18031
13854
14780
31692
16397
16489
21161
12768
8839
29980
24945
15137
12600
26608
20861
8617
10463
4476
27796
11630
430
22780
19864
23585
6045
27472
27504
4182
11524
840
20549
15334
31593
1822
20721
2449
18070
8004
22708
18920
9711
10848
7465
10091
30723
12950
20089
26094
13409
18437
6095
12609
4013
25748
1036
16143
9715
15598
6843
18439
7994
8907
18759
7226
605
23666
27755
22212
10774
5499
3563
29871
4188
19674
10882
21268
25583
25625
5147
22659
7217
13285
17476
19877
32567
18892
13023
10528
20000
13125
1306
21179
2981
31217
10402
8643
4338
13600
12052
6829
25780
21655
32181
12284
2164
2193
9570
2662
12323
27395
30410
7218
6134
20004
9946
996
27764
21549
6009
540
30925
13405
6262
1724
3949
20801
13502
6473
24785
1074
24531
8340
13465
16927
6009
19865
14559
32141
19891
11687
23496
27099
12013
10177
25432
971
6267
26949
14219
830
21314
1483
4769
6719
26293
20048
3001
9539
6148
9108
12193
12463
27023
18368
7149
30619
11937
29516
20550
16342
1883
12576
10757
14122
22766
17913
15873
13793
5646
9999
1188
2695
27555
17397
3141
13042
9665
10176
9649
9856
24794
13675
16139
5536
23346
890
24791
17044
31380
6878
337
22389
23108
7449
8707
23927
30004
5538
27542
14702
16506
31371
15337
20881
18946
8289
23136
16510
12160
9556
18047
14719
425
6039
21687
524
26531
23306
3455
9361
5818
4631
679
16497
29268
3545
3817
6986
26663
2436
13250
22395
23721
13569
2432
29667
15304
21208
30107
30956
476
27987
6984
30408
20698
26337
14924
14587
26058
27064
28686
21274
635
31422
3825
27346
8053
13226
32736
25387
31279
26726
25131
19726
21378
15288
23953
16646
29278
26402
23198
1603
16060
14855
5431
10980
2259
5134
15731
29046
20623
24268
6828
14263
8511
19101
25814
15008
21902
21202
18448
23459
22452
19730
18041
19250
12781
2042
27717
15488
810
15623
2576
1675
11271
22966
26993
22106
18430
25577
12243
22147
18138
32141
25472
28657
14958
19322
18175
2020
11398
17306
32416
24377
4382
9806
13397
30444
10450
9997
11715
7643
26518
2127
2201
3021
13223
11945
4385
11698
4290
28473
26389
1837
2963
7492
25779
19791
31088
6942
31763
7846
24647
29258
32441
31862
6869
14051
871
26950
3353
14906
24116
20638
32009
20673
24290
7184
25475
12072
18797
6517
18822
8901
15584
5753
1442
10553
31852
21850
28077
11089
20155
16108
20664
24362
26498
30177
19777
5529
3926
12103
22443
30409
32192
29778
1259
29222
6547
12636
28035
25978
4989
13866
15540
16214
3805
2929
16367
8372
19668
16792
2702
16858
3487
7360
449
7810
7204
16898
25803
11575
14282
18935
9582
9730
20622
23678
9379
7238
18772
14777
10127
28649
13434
21593
6323
22964
16051
24860
26979
5885
15379
32659
10105
30851
2918
24617
6986
22681
17350
2913
473
15495
24685
11871
14155
9517
24263
4266
26011
21225
715
5936
2959
187
13708
30859
28651
23207
12811
1666
21732
13147
29776
12499
32727
15634
7865
9520
26939
18872
18833
12423
10453
22095
28900
17798
29226
26001
29842
19551
13626
28119
24227
8136
14187
24121
25562
23366
14532
32503
21133
24236
31067
12568
25524
10974
13073
20816
8767
31707
23420
16935
23725
17403
16933
24920
21722
27765
24308
27767
8728
32547
25832
6359
31106
7562
27915
25259
20621
26901
19878
22379
3552
16545
29105
24442
15462
30526
17549
19205
29857
26676
1526
9774
28737
3141
6707
6250
31733
29746
10895
21287
15233
19585
10765
21427
29713
20092
4696
31833
20684
17021
27897
18637
21933
30569
31948
8650
29838
21371
7093
5113
30854
25155
8335
28181
15221
1006
24933
2637
23005
8647
9701
18153
22772
3070
7697
29233
29431
25768
12600
11658
32192
15368
14629
3043
8091
16909
32150
28495
18006
12571
1008
27123
5271
22031
1840
9763
14706
22909
11301
6600
26171
11835
17885
2309
22169
18724
15965
7194
7900
1558
30612
3208
13457
24125
14482
11638
25939
21396
31478
21331
12260
13736
11429
24253
13180
9120
14786
28321
10592
28538
29402
32164
7351
18071
9054
28354
21657
17274
27735
19765
9322
19661
14165
17305
5734
26020
21928
3661
9340
21254
8147
27932
29536
15018
10558
22557
17372
7934
23595
31703
3687
23661
4587
16553
31992
3042
31570
24938
14108
28296
28008
21836
13383
18133
26209
4358
2151
17094
24272
25394
24255
23404
15127
28659
5875
19879
28962
4060
14431
4146
13909
5645
12205
27359
18882
16799
2727
4900
11936
24131
9801
29143
27384
22565
795
30262
7842
18199
13246
6698
1648
13547
6596
31693
16297
8992
25797
12329
24505
5058
1966
13123
13350
6539
6237
6488
16070
13134
19819
25958
16944
30358
3657
10478
29296
19850
18831
20728
7679
19475
1424
17497
25330
24641
24370
14129
17521
25067
27389
22455
13419
17814
11377
14393
25992
30360
6045
6750
31071
7294
20717
32687
24298
20394
8004
9045
30006
321
17482
16676
18015
6724
12040
19929
28348
5628
15538
1184
1111
7068
31683
28122
4768
23330
9551
17180
32354
12670
16533
21627
26101
22518
9429
21255
20918
8905
19809
9365
18612
4882
13301
9410
7596
16368
9547
30516
2104
23268
17387
20259
24131
21370
11585
20504
448
24108
29937
27637
22171
25219
27247
25142
21744
5247
23754
17526
2940
15673
20680
9269
9809
30407
23864
19928
19917
24416
8580
13553
29132
1984
2694
30145
21789
8398
22940
4092
27955
11389
8703
16075
27165
13808
12368
4631
31417
21729
4212
11525
8484
67
9634
19901
11124
29734
2234
624
9386
11996
8409
12185
20962
18778
10794
19331
4045
12000
7935
29451
9313
30685
14112
15271
22735
27661
29026
26279
28598
28644
23420
22971
19350
24879
3095
182
22919
9977
804
31889
5163
30891
25714
17331
13025
8312
16512
5999
22843
15608
24464
29391
23219
17939
17148
22160
26265
22817
20685
5741
12368
4175
23946
2977
26554
26949
2126
20647
5617
32518
7453
27204
12856
6935
29048
455
817
25059
28463
5264
8272
7774
16759
15567
10127
28905
22588
30606
31587
25974
13753
3058
7407
13548
14917
30653
30328
13773
25200
1304
10778
16406
11086
28048
14521
2150
4371
11870
5434
13923
23520
29163
30706
14937
11997
12947
1630
9765
3464
31401
8981
3410
19277
26044
31228
12417
6486
18201
7353
30734
9892
6545
17258
496
1631
7293
1430
18145
20586
16895
8035
6848
12347
21130
5898
3123
21994
27044
22153
26512
32135
12266
3480
24830
177
30293
28637
10711
9828
5821
9059
30033
9491
15771
29513
12382
2807
275
6839
28880
166
26930
15382
24513
6631
19828
22657
9010
10437
11145
23414
2802
18146
23384
3794
1218
2318
17477
2812
7094
4376
30639
30560
1758
29156
21693
12063
2854
6590
6491
7684
13435
14062
1151
27067
10799
19085
28081
15165
8863
23959
30154
15503
14867
3137
13564
7852
12517
23436
2578
15296
21734
3354
28409
10646
6653
25920
30336
20564
9745
5982
22364
22886
21545
19563
10351
2744
29394
30676
12874
25128
16834
28295
31216
1339
29370
29770
26844
22798
12721
13138
13894
22160
30766
21009
30115
28399
12278
6991
28267
5200
26855
27772
8478
15043
9764
24133
7561
25974
1650
23397
3654
5161
19426
6590
7554
9441
1713
10664
5890
32225
26476
3977
27496
5078
31831
7078
30899
8274
24080
29752
15366
7291
3952
1475
20650
21509
5298
19875
24661
9309
1495
13031
26797
15399
8264
24931
31240
28395
7102
23297
21366
28939
18015
13144
1
4089
11306
10624
22835
15014
19860
5156
4825
28222
10611
21464
13319
23314
7708
16301
8540
21974
26056
16387
7303
26892
12861
2975
23818
6848
11178
15102
9790
14966
22226
9704
32408
19297
9836
16200
27690
24277
15306
25402
23149
29439
6842
19302
3389
10708
21674
7565
17701
27719
28431
18529
30941
19903
2311
8858
18449
17352
1084
70
2916
1544
13580
12896
9653
10870
24040
9381
31393
20934
31226
3491
11849
30759
6923
25875
4693
15921
24227
5224
25657
15897
15986
5544
16566
16680
16366
29819
28836
26987
18238
25986
29424
9131
4439
26601
26593
30111
6501
9536
16799
31841
28012
902
24053
12063
13871
7559
27990
14867
30289
5481
19230
1461
17594
30081
11035
15919
1596
4971
16460
28433
27254
10585
16616
1862
12281
6571
27554
22855
29610
4288
29228
27534
3944
30988
27898
11598
19438
30059
15432
25441
27130
21941
31326
24961
18095
14739
25363
25532
7991
21905
21648
7202
14254
3700
19798
18625
26939
24269
2947
26067
23424
15054
12624
20533
27957
26205
4831
27675
4111
29031
4404
9219
7143
20087
9857
21479
23832
14215
1958
29879
25129
21782
32504
7174
19628
23418
25665
9220
10597
4728
22025
4012
5039
31506
6164
32574
10268
1952
15148
18672
2652
6690
29217
2528
608
15573
14349
17230
29886
18692
11228
22536
14936
28705
17676
32293
6969
23316
17842
30966
28863
21459
3518
12090
13055
11571
13183
29073
30053
23806
1386
1332
5787
31813
22807
18146
10156
8695
19340
31262
20074
19379
22206
6295
9997
18651
24661
13800
26908
23530
9648
19329
21393
1543
10537
229
9272
12506
1178
17431
7768
10910
17696
17998
25749
10359
13342
12528
10773
17158
12677
9918
32482
8507
851
25932
15247
17771
15962
6837
20511
12451
11331
17292
31266
20539
21202
9494
9761
27054
108
14262
60
30889
470
5544
30738
13153
25919
16882
15329
10538
28289
23448
28398
12102
8356
4368
7976
4090
163
26613
15880
12263
30067
11520
8379
7576
26946
8243
19331
16216
4093
12631
3163
4934
30484
24745
10458
13739
17025
6097
9049
8586
15111
3859
23384
24441
4535
4809
3358
5808
31929
15633
29856
13408
4425
30659
6052
7494
32512
23206
31526
7551
4181
14819
18427
2718
5219
30905
8884
19452
5613
29811
15045
15695
927
7063
21735
8062
11670
1377
21690
2996
15395
7535
2479
7348
972
14270
17189
17004
23188
8405
28626
29644
21117
32320
19557
13016
32074
4928
25961
5884
7561
15809
28781
20896
26833
16268
16482
24829
16201
10174
22852
25903
31849
28793
26365
19339
17669
9433
7046
17458
30343
9002
14415
13798
7036
20312
18145
9245
2386
18854
17602
15188
2911
32163
18072
30630
16166
7515
22162
6557
1494
23754
4612
23880
12052
406
19025
10126
16634
6909
11534
7617
352
30219
14180
23415
9306
8721
30902
14997
17409
6484
26756
25004
1399
25090
21392
3209
3877
15210
9279
17159
13383
11115
2625
29224
31147
45
17780
7012
22453
6672
6150
3649
23975
4578
9179
24612
6687
3925
14126
5735
27874
25520
19578
13995
9687
15556
16795
12656
5463
1058
2608
23267
29092
16011
24901
26102
13750
32680
15919
5558
23870
17915
4278
6362
8677
21270
2170
17303
7636
21515
27535
7100
30586
28195
16491
27386
31369
979
20226
19331
16962
17899
15663
25304
22771
25873
19030
16091
28862
30574
28232
2348
6555
26279
24422
1202
6304
31247
17418
2424
17537
20763
4898
29371
2899
25110
26654
13121
1429
20757
19981
1004
14960
13102
17922
24718
31038
4581
3261
18175
27722
17127
25479
27757
18646
26619
24670
23796
16483
11061
2386
14702
5932
2924
16175
1933
1012
19695
15196
18471
15617
25204
9475
18384
22121
25169
370
23982
21900
23535
962
3209
7650
8571
32694
14882
6903
23006
997
28870
19379
28400
24348
24354
4831
11240
5374
2649
28901
8216
1517
26196
2775
6615
20014
18522
8883
19902
8263
26592
25830
32279
7852
24994
12046
13970
30875
28914
13316
28730
20037
21328
8474
12712
8238
2620
10401
32630
19926
28488
5551
12535
26521
20081
19743
32037
22484
31407
24536
21467
10057
4299
4691
22341
24773
23665
32087
2452
22528
4998
11271
758
22468
23483
23327
17349
31569
20067
15739
30462
14081
28290
27097
14582
21544
17702
21983
13896
25662
6138
608
14098
28480
28184
15579
27233
24915
22303
6724
1513
31659
10373
3847
3578
19627
9519
18507
22959
29517
17215
10867
10089
12741
1070
6379
21883
4961
4890
27425
4903
10676
7521
13009
7626
9459
6510
14214
24147
19359
28627
19294
31481
5476
15000
23821
12590
27970
3795
27428
3022
24298
1145
15508
18845
13163
28788
621
2032
16653
1270
18156
1450
29309
19468
19893
4714
18731
12406
18781
32259
24305
2230
2603
7213
10997
22631
2592
12410
3536
15312
31284
22155
26864
12729
13539
14979
17722
14205
14824
13756
19700
27489
5961
9145
7395
10532
25491
860
12464
21720
11623
14425
28305
18416
1077
235
5669
5273
32328
29638
5791
4942
24579
6732
4134
28326
18538
31491
1148
8561
1764
10311
31454
6916
32318
10044
6956
32209
14580
17159
1098
11323
4780
8254
25030
6056
6916
9372
1211
1495
5517
1786
1013
16500
15127
7034
10069
25321
8240
12294
8823
14968
25831
3321
25235
27782
4566
28187
29601
22330
18015
2003
16577
24647
7221
27800
13273
9734
25630
26281
30848
18120
8184
6654
26139
12906
24058
638
21829
14890
22845
8818
25717
21176
891
30010
28634
15505
23574
31294
16522
1672
14428
27688
14044
7845
24841
30801
29714
25907
10509
2680
18236
30229
24976
186
24921
7257
20276
23486
5310
9232
1178
16177
9148
32348
17959
22130
25213
27594
23304
29070
12335
8418
28531
28270
2916
6397
27696
16975
17849
2903
26457
14195
6838
13925
4702
13078
11766
30057
18763
6052
13448
21571
10062
5929
19860
5514
17524
2569
20034
24283
179
7665
1239
32625
45
28941
14114
1270
15539
28028
24598
4761
20616
30977
28856
11873
24168
19707
6204
30913
15049
2711
22378
620
14945
24388
25415
13418
18920
19815
6898
32364
13087
27984
5324
16221
13073
14957
1755
7225
17817
16574
3697
14626
18980
16009
6920
2225
26040
3663
113
9610
17974
27902
29742
27187
10972
28776
31260
15142
22029
16884
1109
14116
19541
29076
19028
16845
1192
29943
7002
7278
28138
9983
12305
282
28085
23413
16239
29692
15446
23292
23262
16107
16920
23363
21914
19263
22982
18303
15194
19939
7275
27929
6706
31148
6748
24739
9144
11241
9592
12049
26982
18236
4271
12070
14399
12456
2241
1836
22453
8938
27208
15080
12235
19469
14585
21965
6775
26937
7207
1392
25674
21708
1160
14396
16466
15019
24380
5223
13120
26331
31243
23332
14790
25163
31983
3099
11843
20980
7378
23830
12706
19492
27544
23037
7039
6167
26976
16644
13708
3016
15111
28451
17972
31750
10734
28871
11902
29386
20734
2759
7987
8136
6889
20377
10563
14148
30130
5318
11621
13095
24431
23707
28414
10834
12366
2081
20036
12850
17878
25936
28067
32405
29551
28032
18016
13244
23589
18464
28796
7857
6569
26026
8667
18395
21656
18134
10405
5071
12800
17423
25837
26217
14881
26915
1424
31772
7280
14654
3168
28038
29922
28441
23938
4423
30310
3439
24085
12308
7859
21425
26132
16135
22341
27386
2430
5177
10146
24389
31924
18835
23778
14558
6178
16865
19054
18966
16161
1064
2056
1339
11804
24890
20748
28359
29682
6023
26869
32728
6812
26934
10530
3296
17168
22645
7131
1182
14437
32269
18575
6989
15927
11833
5471
13851
7757
24504
25057
10972
14713
2337
16157
10240
8128
26743
26844
22722
29627
26877
25635
6563
7485
6987
26362
20759
3895
29602
28017
16510
9432
17021
8165
24917
23032
7016
28288
8878
25270
7701
1535
6877
26208
21933
440
373
24980
8804
32475
1395
29605
24912
29944
21432
6976
18043
30657
25021
9808
7479
17938
20610
22814
25265
18990
31687
4285
28361
28492
2431
25765
7969
28754
3458
2974
14452
992
5506
2016
29226
2448
12608
24184
24617
7292
19199
24045
12013
12033
25657
14372
26075
5059
2706
29569
9170
6129
6410
30543
2564
4811
6518
14178
18692
3681
23089
17146
1055
28061
3087
15083
32496
13187
31890
29435
18735
20408
16481
17036
23754
5185
25077
18555
25143
14478
26774
9799
3848
3511
19334
30326
21184
18437
9596
564
17893
436
15443
31294
3926
23287
12548
14078
13279
23357
27602
17399
1035
30643
6340
14948
7225
25354
18520
12060
10994
2682
2166
14265
29050
25607
2467
19193
12965
29187
9335
101
1004
8148
21329
29488
13504
23543
29769
19553
16415
4933
26470
14389
31844
29045
23826
19134
32099
2787
26826
6097
23733
21391
11290
543
23633
1897
11721
1442
5980
26572
12625
315
13635
29256
8849
17305
21254
29860
27078
24412
5847
8739
15288
2682
8675
3591
14897
3298
21616
12116
30899
608
6184
20950
14698
29633
9396
6245
30304
2871
29325
29800
2800
26623
20495
13976
4477
21824
19664
7431
18788
26679
28463
608
6446
18833
26672
4720
267
11800
14727
10213
4476
17042
498
14166
14927
3814
25548
27524
1488
5249
14816
22240
5182
11256
3707
24141
27516
26095
2245
16678
28425
29497
17488
25219
5170
22593
18162
14264
9862
28584
2256
31
12427
47
17084
10776
23727
27096
30401
2381
25217
11848
26363
16955
21537
22640
28332
3822
24565
1900
29069
16651
23198
8363
21858
9492
9515
27985
14801
10984
17292
9945
25204
30601
14153
14079
1837
17442
29300
11997
32442
11849
30428
14676
30601
23937
30083
3245
13005
8707
594
8064
30161
28862
12300
9429
9612
24732
10369
5002
16503
3335
5380
15605
10907
428
27422
14025
32750
4990
29060
7230
24799
19198
4423
27244
27952
17338
18251
31736
24836
9492
18938
26611
2105
6213
14137
18431
31735
24482
24219
10676
24201
29469
31701
12098
2412
17934
30067
9047
24998
6708
29641
1091
18009
1014
25643
19034
19864
1007
15457
28057
17273
22954
4693
28301
8044
29610
23567
26225
25547
8366
27619
25239
7090
26163
31977
3849
27408
8249
25518
29807
25854
20042
14121
19763
7248
12729
1521
13796
8810
8488
27565
15576
26710
13644
6859
5398
13843
13045
11893
28786
11311
22088
22720
17658
920
25423
16679
401
32687
8117
10041
30170
18078
6602
7566
29016
5099
24781
28927
24019
31054
4715
4118
22781
8640
24963
1732
4437
19157
31276
25170
27212
26699
26361
4506
11174
9699
23420
5495
16420
15215
2056
5498
18272
18221
23227
11487
32504
8787
20924
959
18158
25579
17090
2183
17743
1505
15318
23976
27923
24667
24921
20368
27717
28488
27976
26330
17764
5692
13247
27329
6152
22139
20668
26587
23752
11092
25382
3844
6236
176
30990
151
18943
30698
4404
22501
6423
28385
21965
2783
1560
32076
29827
29206
8870
23630
14270
3302
5370
27723
17698
21997
27270
19705
9561
15298
32220
15290
30994
4580
29644
11305
32585
3569
5068
20210
20681
9497
32670
31464
29936
24017
3628
11345
13235
27084
19895
3716
18657
7207
28976
17335
23724
4068
11494
24338
25957
4761
18018
17672
22151
10089
23439
26086
16631
13876
9503
1708
18570
15115
14377
3101
4808
2535
2839
31762
4848
31386
16831
10515
22332
4357
1232
15400
15205
30092
26736
4333
9322
20935
9763
6117
10638
25978
11759
13072
20127
26568
21182
16576
13182
2211
5635
18600
23772
9863
22176
32566
31298
3176
26376
4899
19796
19433
20128
31048
5718
1998
14956
10931
10735
17076
24807
2298
5165
1535
23858
23759
27850
29973
17777
8917
16558
8394
115
6834
13492
12058
7825
19558
17841
11038
14808
30683
18867
4409
8554
8892
5766
27539
21537
14475
29053
4808
3702
28910
11374
26337
28577
28746
5119
5251
31234
22163
4896
14950
29376
12387
12249
777
25776
32329
17734
1700
19064
18019
7904
2399
9204
25647
22781
27073
31448
2718
10907
21355
6807
11370
31833
2566
32644
16042
28870
24698
16695
2468
16862
12384
31795
31714
6098
26043
32454
13192
15624
29410
15664
12772
21347
16577
20743
27975
28356
28481
2009
13587
14545
31237
17684
7190
501
5463
15139
23830
25511
22370
16346
28077
22512
417
16404
13144
27175
32407
5786
3786
25856
26561
19015
12678
8645
10185
30570
29100
23778
3324
26732
4115
13223
24574
8627
9369
12106
21180
25797
9399
299
23459
28337
14425
21596
20752
30123
20716
22625
22791
10742
14008
26932
295
15879
112
30861
4829
14823
10503
7263
30681
7641
14278
26278
17086
6205
11932
27232
12318
21172
12981
4569
13221
6789
9037
10796
26004
26687
4807
18439
25713
2720
22009
27054
32509
30902
7627
31299
14951
3908
20224
6724
2239
15719
3155
20821
17325
25721
9926
3392
16227
28470
26679
4666
2512
25629
27700
16488
10775
30489
31504
21153
29759
24161
6966
31350
17708
28317
19646
32111
15054
16970
9022
14232
15512
28767
12771
10044
26676
5681
32192
26097
13941
14484
27237
13012
27789
16451
21684
29206
11648
5506
20464
17848
16344
7937
14615
9106
23451
10244
5234
3226
5242
29121
26986
18787
13387
29705
4253
20452
6585
4395
10289
13947
28474
16662
8808
22578
20034
30653
8821
3648
8887
19136
7055
8915
25252
6728
26179
24844
28209
16690
16398
26187
11219
4209
26923
6318
13504
6573
21674
26324
9638
3376
7874
13543
26524
12035
15720
6873
1369
10068
7968
22509
24739
12827
11284
8058
23563
29182
23907
8940
19672
27249
24251
32011
18753
25889
28202
25216
9951
18067
28209
15252
15713
5640
24091
2876
16770
15525
11404
18259
19512
16336
6237
1574
25134
31453
5031
9525
3957
7146
23838
19768
27511
26631
17313
30561
6444
2715
18447
22497
6032
29699
4443
20909
30292
2939
26339
22402
17107
14402
9469
24102
16713
1529
24531
17394
17983
26700
10354
20877
17482
25045
10269
14330
25077
4669
1511
12245
11260
28581
19073
7641
14267
12100
13904
24742
18917
8529
15810
11201
21881
1059
8163
5085
26354
4759
19243
12377
20415
20914
1178
30217
9714
24967
1288
12089
27708
21851
182
13551
30233
22280
19752
19825
23624
6559
6455
21511
5502
24401
27490
3586
1883
5776
23141
20733
9117
21105
13325
24163
26004
8789
1610
6194
17366
3272
16006
29438
27187
12713
21301
18744
20459
22412
11181
29616
32287
26716
14904
19289
6790
8517
31848
30796
2657
31184
21931
12816
16817
1616
30751
21785
4775
22910
20392
29070
4444
10592
9023
14160
24514
15215
24717
25399
30171
23544
17848
4511
14888
25795
23933
6691
32357
5875
383
22696
13427
19501
22238
1950
28566
17148
30988
3970
1504
2676
18140
28583
26093
20758
1500
9271
29905
6900
20453
11636
2127
8982
32496
7236
20812
27675
2859
18413
19074
17443
3917
4381
32633
16365
26406
22061
16307
28989
7290
31910
4647
23681
5647
13317
31986
29107
15621
21947
30024
3201
3174
1656
2992
16300
16126
31913
10353
28590
3949
4160
27719
159
15994
30643
2395
7001
21418
22087
10354
19931
19474
32654
11877
2795
11113
5166
30161
19712
9057
23525
20751
24670
17719
202
26727
6275
29065
4054
18560
29890
31337
25250
13595
30766
11183
22130
5121
14521
11667
29811
1082
27037
30075
28481
30080
25851
14609
6572
21492
30914
6041
15036
7183
31443
28034
25331
27354
26723
1594
9937
24162
5280
8263
25246
23142
10903
30612
27491
1364
1621
18952
20794
4468
10572
2653
5831
9826
19961
13616
519
32449
24260
31828
27208
3630
21544
15468
10105
17267
15891
28857
1700
15101
31888
6448
26553
30097
27555
18128
26765
26426
1652
16946
16674
29318
17840
98
13609
9201
15661
23021
16069
16802
15565
14395
22162
853
30884
11551
31974
1689
31837
10413
26711
21307
28121
16716
32125
1026
25370
16908
29689
26524
20320
29497
19637
11737
19345
20784
32110
29975
15838
9585
30064
19454
9380
13814
24481
31597
2192
32451
17857
11443
23047
10687
30960
16387
15813
14530
25457
26402
3268
5615
10157
22627
2911
32324
12411
11733
7095
31343
5790
17595
28502
23011
32655
12604
31762
25644
22910
6748
14388
13439
6291
4651
25050
29590
22905
15932
21914
25531
3357
25689
14440
29474
4531
12149
30906
18555
23803
16610
27370
32200
7106
25029
1243
32108
27307
26822
31967
13701
3119
10252
20440
5500
16355
30568
29342
2523
7929
11984
12961
27230
8714
9488
2512
3660
13331
1724
27065
31495
30397
6505
16881
24802
7137
16156
17846
23092
30795
19971
13523
8363
13246
4195
11204
11490
14905
210
16155
29749
21113
5798
26146
14548
32191
13997
30914
8214
1235
7199
17571
784
22089
19920
32149
11623
6659
29610
3375
32354
7671
8283
1461
8259
50
25419
15423
18904
14877
14033
19992
15949
28928
7846
5477
32580
12228
2714
20743
25895
28157
20869
962
4541
2088
22657
20126
28924
3376
14934
19085
15391
1336
822
9551
13048
5524
21675
1427
32646
9752
1485
31327
30666
27542
5048
31153
12759
31650
30269
12903
7721
19864
11480
13660
7223
19681
6114
14804
15691
24689
29192
282
10642
2964
32252
7527
23407
3051
15466
8198
9493
6321
15918
29366
13397
10051
26308
24656
2228
22752
13056
4265
4033
30125
22527
31674
23462
6396
20061
6142
10236
29389
7592
18460
8420
17045
31765
19398
8275
28479
5746
14305
21933
24689
5212
14822
2966
32016
11442
10888
5
29446
24138
13207
665
11331
8418
3364
19761
5377
8793
5606
19127
5965
25631
19164
16444
28611
19690
25140
3146
16281
682
3436
28789
32735
8384
9911
6452
14852
7786
19874
22511
10653
31106
14071
17241
11106
31081
13281
12800
7545
7742
13394
17187
5368
4179
18594
27075
3237
9185
26233
11772
28928
17658
29934
6294
11651
24512
25584
31960
7976
6357
21221
5276
4140
27154
2706
8873
8466
30588
20027
3900
17132
12403
18443
13032
9942
4397
5302
17312
18115
6243
12892
6163
27516
17738
22193
13624
21477
12741
28763
23081
24962
7385
22427
32308
28219
31073
29232
29999
12124
21763
20088
11789
18912
11106
31193
16303
31727
31125
5727
14332
32677
9689
29606
24884
2837
3970
12027
29057
4494
23352
7870
22736
10781
20319
3338
8414
16210
21719
1433
5014
27719
28646
15073
7066
10975
17778
18051
4896
14156
116
18662
29951
19668
11177
11295
9225
8148
21387
3605
15516
14597
1151
5602
9332
5630
31056
14460
19651
13050
3548
12436
23172
25052
18957
11710
10508
4720
6411
32467
23266
28660
176
15251
27856
30679
27965
12687
32570
28096
25931
6215
18863
20690
14852
20623
27838
13871
1938
13111
5643
11450
6616
13034
10914
3618
2400
21847
27530
24860
9365
18319
18590
12527
31027
4526
21912
32310
4603
11710
5487
11489
15531
1496
4067
4990
27693
7564
25941
4023
2831
27268
21725
17435
21043
8291
26775
25377
30664
29683
15421
11113
19064
6528
4603
31046
3299
639
10622
4474
9549
7796
3407
2368
30099
8978
19039
28560
28516
8099
17891
7070
14509
24490
9569
17572
29781
24775
32011
18145
811
24540
14413
14817
20765
16750
28834
15360
682
22862
9899
5930
5786
21880
4482
8932
20460
20539
30796
1936
31760
19866
18957
18156
26966
10227
26561
11741
8615
12254
21672
4971
15731
856
16609
2316
25322
24609
8762
24613
17775
30050
20295
10446
14665
30867
20657
3542
12188
412
23761
12806
11928
29242
12669
29354
6641
27813
16418
13134
24463
7536
24595
5830
23686
23728
31521
18801
3656
27232
26732
16574
25626
18948
27001
5102
17604
397
32132
21020
7309
16253
32535
31099
1894
11339
16347
29664
27494
27401
5807
15488
6006
3396
5111
4858
14926
32300
20534
24472
17824
10484
2272
11473
4498
24188
32617
23059
21618
15918
20130
27584
17061
9766
10821
7287
27361
28309
15566
5012
8861
29799
6029
25850
5829
14115
26874
15888
21681
3603
27976
25609
24408
14502
19773
26473
9409
19986
24384
12484
26555
20541
32436
19145
29134
26078
28036
3456
8561
32735
29695
3792
10365
28167
13031
31812
3810
9941
23492
16911
19865
18095
17278
9037
5594
2620
811
10123
6286
18446
6950
394
25095
11652
19553
21312
7663
17134
7164
29472
22398
31475
13590
5787
2544
20784
7395
1511
5431
15394
27902
15615
27373
30278
2049
7659
1932
25214
31828
6209
3041
4023
2370
27116
2750
8137
31314
23852
24304
5534
19668
10206
7536
20119
21434
20478
30686
11051
19881
14698
9002
10962
8528
16616
5781
32545
13305
2155
14040
23094
3677
22674
16802
31830
17341
15218
3400
17621
20270
13461
28856
18998
23349
14914
26544
15764
10131
21503
18221
7489
354
597
5669
31404
353
21459
24184
22408
1165
19286
2597
24106
4849
31623
8377
31027
10430
31652
30990
3696
5534
6532
13105
24830
26182
27861
3748
24242
3146
12201
28870
23735
14390
49
12175
1913
6618
28615
29824
2498
31461
818
19418
12067
26550
2086
13327
1430
23150
25611
16758
16993
7242
16383
10818
28222
20784
13854
20149
7352
24967
25601
4497
13016
13900
1668
5328
257
31586
717
11924
13337
23594
138
10849
25065
28244
31097
10890
13511
16117
25134
15849
31346
13785
20497
32211
6717
17178
16550
18507
13936
2801
26129
27254
31979
973
7385
20304
27404
15010
28396
1692
2259
12676
18403
14369
24388
3188
16008
22291
11789
122
6037
10704
9321
14580
26047
31181
8516
10029
27379
32719
16032
28721
7904
24670
11319
27872
32437
19574
7522
28738
2604
6785
20025
18458
4551
27522
25596
11198
14937
12435
11442
3365
22985
9361
527
66
4371
3606
21403
11408
18319
23975
7185
31983
27510
31791
17925
430
7074
23980
17354
14569
7829
11305
24211
12565
19133
7916
216
14809
17399
20976
32764
5919
12881
12694
10540
27244
22036
20119
5514
18028
7426
11837
2443
8402
7388
27347
25501
5727
5927
14426
24078
13631
27184
8573
10281
16796
4942
4295
6818
10350
9831
31252
2868
5264
24245
14405
904
23065
11466
29496
24409
11241
26066
8696
5590
20354
30745
32048
12871
17178
18637
30182
16372
2542
7940
1125
11586
4824
16384
25467
27168
27940
8370
3045
17825
16288
20606
1032
20202
13810
318
22498
15695
22574
20617
19775
9145
168
13877
10288
29515
25607
15386
5049
4421
24475
25369
714
1064
497
22878
7536
31771
420
26081
3661
14989
5749
11571
17478
7452
26782
13175
31867
20405
2660
16302
10364
27133
12268
1081
1210
31728
6479
12440
29499
19912
25328
20600
28306
22305
12302
7149
10511
12634
25493
7420
11315
2366
23354
20060
3174
21476
24774
6013
1260
19155
17842
18890
4118
29546
23797
812
20405
13696
18202
6607
22996
17735
17557
29992
15783
25718
599
30775
21694
16039
5280
24841
13438
25853
5141
16770
21458
11531
4370
30041
14622
30449
20801
14692
17525
7880
2924
18454
27147
7489
5519
8006
28909
7048
14642
21297
2543
32367
8693
4803
21222
11464
6765
16658
6680
5394
2862
18476
30193
13913
28713
2322
1272
12375
14393
3332
27137
7903
17144
23551
22691
17532
28887
7301
17900
18517
31086
24732
4436
2899
31760
17433
14832
22662
32419
16414
29672
29893
20142
22498
12843
20885
30900
688
30817
26445
18881
30515
2338
31351
3906
15344
17509
20600
2329
8468
19003
6004
16881
1904
13757
1388
16847
6338
1090
29353
20202
21814
31958
29534
12477
6700
11240
13449
10586
1596
18243
8218
6401
24183
3648
3159
32753
22768
31289
31359
21118
28796
21312
10413
21348
9653
32017
31488
26715
20805
4166
32761
7404
27489
5066
5156
18306
27795
27280
26875
1220
11197
18821
29447
32034
23899
18883
840
10414
6152
27399
4055
1326
580
6757
28618
29295
3444
4410
3672
10460
25130
8291
22846
32334
24999
15276
28256
27942
24734
22923
19636
4506
32571
31503
3164
4428
16996
28691
25106
8481
21055
11191
29129
7504
500
15633
13457
26553
1204
16415
30140
121
29690
23296
11071
3259
